Problem	Greedy_profit	Greedy_weight	Greedy_time	BF_profit	BF_weight	BF_time	B&B_profit	B&B_weight	B&B_time	DP_profit	DP_weight	DP_time	DP_OR_profit	DP_OR_weight	DP_OR_time	IP_OR_profit	IP_OR_weight	IP_OR_time
10_50_1_1_5	123	51	0	123	51	0.015583038330078125	123	51	0.0	123	51	0.015604734420776367	123	51	0.0	123	51	0.006972789764404297
10_50_1_2_5	124	78	0	127	84	0.015624046325683594	127	84	0.0	127	84	0.0	127	84	0.0	127	84	0.012004613876342773
10_50_1_3_5	167	80	0	167	80	0.0	167	80	0.0	167	80	0.0	167	80	0.0	167	80	0.01096200942993164
10_50_1_4_5	222	116	0	222	116	0.0	222	116	0.0	222	116	0.0	222	116	0.0	222	116	0.006999492645263672
10_50_1_5_5	235	200	0	244	240	0.0	244	240	0.0	244	240	0.015623092651367188	244	240	0.0	244	240	0.009999990463256836
10_50_2_1_5	64	51	0	64	51	0.0	64	51	0.0	64	51	0.0	64	51	0.0	64	51	0.006005525588989258
10_50_2_2_5	85	74	0	91	84	0.0	91	84	0.0	91	84	0.015624761581420898	91	84	0.0	91	84	0.01199650764465332
10_50_2_3_5	87	79	0	91	83	0.0	91	85	0.0	91	83	0.015622377395629883	91	83	0.0	91	83	0.011984586715698242
10_50_2_4_5	123	116	0	123	114	0.015634775161743164	123	116	0.0	123	114	0.015624046325683594	123	114	0.0	123	114	0.013000011444091797
10_50_2_5_5	242	234	0	243	238	0.01562976837158203	243	238	0.0	243	238	0.03124403953552246	243	238	0.0	243	237	0.01096487045288086
10_50_3_1_5	68	38	0	81	51	0.0	81	51	0.0	81	51	0.0	81	51	0.0	81	51	0.018999338150024414
10_50_3_2_5	127	77	0	139	89	0.0	139	89	0.0	139	89	0.0	139	89	0.0	139	89	0.012023210525512695
10_50_3_3_5	155	95	0	167	107	0.0	167	107	0.015627622604370117	167	107	0.015625953674316406	167	107	0.0	167	107	0.017000913619995117
10_50_3_4_5	224	144	0	224	144	0.0	224	144	0.0	224	144	0.015624046325683594	224	144	0.0	224	144	0.010037660598754883
10_50_3_5_5	309	219	0	309	219	0.0	309	219	0.015619993209838867	309	219	0.015624284744262695	309	219	0.0	309	219	0.00798797607421875
10_50_4_1_5	47	47	0	51	51	0.0	51	51	0.0	51	51	0.015623092651367188	51	51	0.0	51	51	0.008002281188964844
10_50_4_2_5	90	90	0	90	90	0.0	90	90	0.0	90	90	0.0	90	90	0.0	90	90	0.01199793815612793
10_50_4_3_5	106	106	0	107	107	0.015593290328979492	107	107	0.0	107	107	0.0	107	107	0.0	107	107	0.006036996841430664
10_50_4_4_5	138	138	0	148	148	0.01562356948852539	148	148	0.0	148	148	0.015625	148	148	0.0	148	148	0.010053873062133789
10_50_4_5_5	219	219	0	220	220	0.015622854232788086	220	220	0.0	220	220	0.015640735626220703	220	220	0.0	220	220	0.011999368667602539
10_100_1_1_5	273	70	0	281	100	0.015655040740966797	281	100	0.0	281	100	0.0	281	100	0.0	281	100	0.010974884033203125
10_100_1_2_5	296	185	0	302	201	0.015649080276489258	302	201	0.0	302	201	0.015623092651367188	302	201	0.0	302	201	0.010000944137573242
10_100_1_3_5	437	122	0	438	124	0.0	438	124	0.0	438	124	0.015605926513671875	438	124	0.0	438	124	0.010040283203125
10_100_1_4_5	528	329	0	528	329	0.0	528	329	0.0	528	329	0.031247377395629883	528	329	0.0	528	329	0.008965730667114258
10_100_1_5_5	631	414	0	631	414	0.0	631	414	0.0	631	414	0.06249499320983887	631	414	0.0	631	414	0.009052753448486328
10_100_2_1_5	126	101	0	126	101	0.0	126	101	0.0	126	101	0.015625476837158203	126	101	0.0	126	101	0.004943132400512695
10_100_2_2_5	215	198	0	215	198	0.0	215	198	0.0	215	198	0.01562356948852539	215	198	0.0	215	198	0.00999593734741211
10_100_2_3_5	160	131	0	170	134	0.0	170	134	0.0	170	134	0.015624046325683594	170	134	0.0	170	134	0.013023614883422852
10_100_2_4_5	357	343	0	357	343	0.0	357	348	0.0	357	343	0.031246662139892578	357	343	0.0	357	343	0.01999974250793457
10_100_2_5_5	496	473	0	505	484	0.01562356948852539	505	484	0.0	505	484	0.04687190055847168	505	484	0.0	505	484	0.013016223907470703
10_100_3_1_5	111	81	0	128	98	0.015601634979248047	128	98	0.0	128	98	0.0	128	98	0.0	128	98	0.008999347686767578
10_100_3_2_5	235	185	0	235	185	0.015655517578125	235	185	0.0	235	185	0.0156402587890625	235	185	0.0	235	185	0.030998945236206055
10_100_3_3_5	196	126	0	252	182	0.0	252	182	0.015624523162841797	252	182	0.015623092651367188	252	182	0.0	252	182	0.015015125274658203
10_100_3_4_5	448	378	0	484	414	0.01564192771911621	484	414	0.0	484	414	0.04687333106994629	484	414	0.0	484	414	0.015999555587768555
10_100_3_5_5	507	427	0	591	511	0.015604496002197266	591	511	0.0	591	511	0.046872615814208984	591	511	0.0	591	511	0.013988733291625977
10_100_4_1_5	91	91	0	98	98	0.015624284744262695	98	98	0.0	98	98	0.0	98	98	0.0	98	98	0.012002229690551758
10_100_4_2_5	180	180	0	190	190	0.01562356948852539	190	190	0.0	190	190	0.015624284744262695	190	190	0.0	190	190	0.006979227066040039
10_100_4_3_5	166	166	0	182	182	0.0	182	182	0.0	182	182	0.015622377395629883	182	182	0.0	182	182	0.008999824523925781
10_100_4_4_5	385	385	0	414	414	0.0	414	414	0.0	414	414	0.04688882827758789	414	414	0.0	414	414	0.018000125885009766
10_100_4_5_5	504	504	0	511	511	0.0	511	511	0.0	511	511	0.04685473442077637	511	511	0.0	511	511	0.011999845504760742
10_500_1_1_5	1013	330	0	1104	472	0.0	1104	472	0.0	1104	472	0.031244993209838867	1104	472	0.0	1104	472	0.010983467102050781
10_500_1_2_5	1376	496	0	1598	718	0.0	1598	718	0.0	1598	718	0.06249523162841797	1598	718	0.0	1598	718	0.011968851089477539
10_500_1_3_5	1494	1090	0	1501	1170	0.0	1501	1170	0.0	1501	1170	0.10938739776611328	1501	1170	0.0	1501	1170	0.009983062744140625
10_500_1_4_5	2589	1759	0	2589	1942	0.015620946884155273	2589	1759	0.0	2589	1942	0.17186260223388672	2589	1942	0.0	2589	1759	0.010012388229370117
10_500_1_5_5	1943	2307	0	1943	2307	0.015624284744262695	1943	2307	0.0	1943	2307	0.2343428134918213	1943	2307	0.0	1943	2307	0.005014657974243164
10_500_2_1_5	541	495	0	541	495	0.0	541	495	0.0	541	495	0.031247377395629883	541	495	0.0	541	495	0.009010553359985352
10_500_2_2_5	817	693	0	847	728	0.0	847	728	0.0	847	728	0.04687190055847168	847	728	0.0	847	728	0.009000778198242188
10_500_2_3_5	1216	1159	0	1233	1183	0.0156402587890625	1233	1183	0.0	1233	1183	0.10936284065246582	1233	1183	0.0	1233	1183	0.011070013046264648
10_500_2_4_5	1953	1858	0	1996	1946	0.0	1996	1946	0.0	1996	1946	0.17186427116394043	1996	1946	0.0	1996	1946	0.050978899002075195
10_500_2_5_5	2137	1968	0	2418	2307	0.0	2418	2307	0.0	2418	2307	0.2343614101409912	2418	2307	0.0	2418	2307	0.009013652801513672
10_500_3_1_5	402	382	0	565	545	0.0	565	545	0.0	565	545	0.031244277954101562	565	545	0.0	565	545	0.012017250061035156
10_500_3_2_5	620	570	0	838	788	0.0	838	788	0.0	838	788	0.06249594688415527	838	788	0.0	838	788	0.020012617111206055
10_500_3_3_5	969	899	0	1092	1032	0.0	1092	1032	0.015623807907104492	1092	1032	0.09374690055847168	1092	1032	0.0	1092	1032	0.02194523811340332
10_500_3_4_5	1787	1717	0	2077	2007	0.0	2077	2007	0.015623092651367188	2077	2007	0.18746733665466309	2077	2007	0.0	2077	2007	0.08797931671142578
10_500_3_5_5	1972	1892	0	2342	2262	0.0	2342	2262	0.0	2342	2262	0.23437905311584473	2342	2262	0.0	2342	2262	0.01401662826538086
10_500_4_1_5	545	545	0	545	545	0.0	545	545	0.0	545	545	0.031247615814208984	545	545	0.0	545	545	0.012968778610229492
10_500_4_2_5	780	780	0	788	788	0.0	788	788	0.015623331069946289	788	788	0.04685544967651367	788	788	0.0	788	788	0.07401657104492188
10_500_4_3_5	989	989	0	1032	1032	0.0	1032	1032	0.015619516372680664	1032	1032	0.09376096725463867	1032	1032	0.0	1032	1032	0.015037298202514648
10_500_4_4_5	1938	1938	0	2013	2013	0.0	2013	2013	0.01562356948852539	2013	2013	0.1874709129333496	2013	2013	0.0	2013	2013	0.11501431465148926
10_500_4_5_5	2164	2164	0	2262	2262	0.0	2262	2262	0.0	2262	2262	0.20312833786010742	2262	2262	0.0	2262	2262	0.011002779006958008
10_1000_1_1_5	1136	616	0	1185	931	0.0	1185	931	0.0	1185	931	0.06249570846557617	1185	931	0.0	1185	931	0.006023406982421875
10_1000_1_2_5	2711	1478	0	3009	1753	0.0	3009	1753	0.0	3009	1753	0.1562211513519287	3009	1753	0.0	3009	1753	0.011057853698730469
10_1000_1_3_5	3668	2089	0	3725	2152	0.0	3725	2152	0.0	3725	2152	0.37497448921203613	3725	2152	0.0	3725	2152	0.008929252624511719
10_1000_1_4_5	5794	3531	0	5794	3531	0.0	5794	3531	0.0	5794	3531	0.562464714050293	5794	3531	0.0	5794	3531	0.009002685546875
10_1000_1_5_5	3331	4414	0	3376	4799	0.0	3376	4799	0.0	3376	4799	0.5780882835388184	3376	4799	0.0	3376	4799	0.011039018630981445
10_1000_2_1_5	1052	931	0	1052	931	0.0	1052	931	0.0	1052	931	0.07811689376831055	1052	931	0.0	1052	931	0.011055469512939453
10_1000_2_2_5	2048	1816	0	2139	1898	0.0	2139	1898	0.0	2139	1898	0.15623927116394043	2139	1898	0.0	2139	1898	0.010056257247924805
10_1000_2_3_5	1921	1816	0	2148	2181	0.0	2148	2181	0.0	2148	2181	0.2031095027923584	2148	2181	0.0	2148	2181	0.01694655418395996
10_1000_2_4_5	3692	3539	0	3692	3539	0.015594482421875	3692	3539	0.015625	3692	3539	0.32811951637268066	3692	3539	0.0	3692	3539	0.08299756050109863
10_1000_2_5_5	5369	5122	0	5421	5174	0.015593767166137695	5421	5174	0.0	5421	5174	0.5155739784240723	5421	5174	0.0	5421	5174	0.013041496276855469
10_1000_3_1_5	1017	987	0	1156	1136	0.015641212463378906	1156	1136	0.0	1156	1136	0.06249499320983887	1156	1136	0.0	1156	1136	0.013006448745727539
10_1000_3_2_5	1563	1523	0	1983	1953	0.0	1983	1953	0.0	1983	1953	0.14061641693115234	1983	1953	0.0	1983	1953	0.07501602172851562
10_1000_3_3_5	1320	1250	0	1589	1529	0.0	1589	1529	0.0	1589	1529	0.14063143730163574	1589	1529	0.0	1589	1529	0.07401394844055176
10_1000_3_4_5	4287	4217	0	4740	4670	0.0	4740	4670	0.0	4740	4670	0.4374513626098633	4740	4670	0.0	4740	4670	0.08505082130432129
10_1000_3_5_5	4378	4288	0	4413	4323	0.0	4413	4323	0.015627384185791016	4413	4323	0.4374887943267822	4413	4323	0.0	4413	4323	0.01600360870361328
10_1000_4_1_5	1091	1091	0	1136	1136	0.0	1136	1136	0.0	1136	1136	0.046872615814208984	1136	1136	0.0	1136	1136	0.01101994514465332
10_1000_4_2_5	1589	1589	0	1953	1953	0.0	1953	1953	0.0	1953	1953	0.12497234344482422	1953	1953	0.0	1953	1953	0.07796216011047363
10_1000_4_3_5	1489	1489	0	1532	1532	0.015622615814208984	1532	1532	0.0	1532	1532	0.14063429832458496	1532	1532	0.0	1532	1532	0.008039474487304688
10_1000_4_4_5	4438	4438	0	4676	4676	0.015624284744262695	4676	4676	0.0	4676	4676	0.4530942440032959	4676	4676	0.0	4676	4676	0.08101487159729004
10_1000_4_5_5	4304	4304	0	4331	4331	0.015643596649169922	4331	4331	0.0	4331	4331	0.43744993209838867	4331	4331	0.0	4331	4331	0.015017032623291016
50_50_1_1_5	563	181	0	377	180	16.639.431.476.593.000	563	181	2.937.298.536.300.650	563	181	0.07812309265136719	563	181	0.0	563	181	0.017997264862060547
50_50_1_2_5	801	403	0	460	394	12.592.881.917.953.400	651	268	10.046.191.692.352.200	802	406	0.20311188697814941	802	406	0.0	802	406	0.018015623092651367
50_50_1_3_5	1049	535	0	401	376	10.827.329.397.201.500	702	227	10.048.752.307.891.800	1052	539	0.2656209468841553	1052	539	0.0	1052	539	0.033002376556396484
50_50_1_4_5	1283	726	0	561	382	11.577.274.084.091.100	661	163	1.005.042.839.050.290	1283	726	0.3905823230743408	1283	726	0.0	1283	726	0.013002395629882812
50_50_1_5_5	1206	1010	0	596	532	11.202.362.537.384.000	603	238	1.003.852.128.982.540	1209	1024	0.5780837535858154	1209	1024	0.0	1209	1024	0.01999950408935547
50_50_2_1_5	241	181	0	211	181	1.190.542.721.748.350	241	181	0.5872914791107178	241	181	0.07812142372131348	241	181	0.01562356948852539	241	181	0.013033151626586914
50_50_2_2_5	465	404	0	421	406	2.073.294.472.694.390	463	402	10.004.782.438.278.100	466	406	0.1875007152557373	466	406	0.0	466	406	0.017023801803588867
50_50_2_3_5	599	541	0	363	373	11.796.070.575.714.100	335	281	10.064.497.709.274.200	599	541	0.28121089935302734	599	541	0.0	599	541	0.009932279586791992
50_50_2_4_5	793	730	0,000950336	369	369	114.835.364.818.573	353	299	10.046.189.546.585.000	796	730	0.3749723434448242	796	730	0.0	796	730	0.02499866485595703
50_50_2_5_5	1077	1031	0	594	598	11.374.192.714.691.100	520	458	10.061.815.023.422.200	1082	1035	0.5468370914459229	1082	1035	0.0	1082	1035	0.021014928817749023
50_50_3_1_5	405	205	0	332	212	28.451.149.702.072.100	412	212	9.758.405.447.006.220	412	212	0.07812166213989258	412	212	0.0	412	212	0.013999700546264648
50_50_3_2_5	670	380	0	585	395	15.561.379.194.259.600	354	164	100.774.564.743.042	692	402	0.1874830722808838	692	402	0.0	692	402	0.019964933395385742
50_50_3_3_5	893	533	0	597	407	11.867.646.217.346.100	345	165	10.038.499.355.316.100	897	537	0.2812342643737793	897	537	0.0	897	537	0.02700018882751465
50_50_3_4_5	1214	814	0	606	416	11.936.630.487.442.000	356	176	10.031.297.206.878.600	1240	840	0.4218430519104004	1240	840	0.0	1240	840	0.017000436782836914
50_50_3_5_5	1606	1166	0	732	542	11.733.538.150.787.300	394	214	10.041.962.623.596.100	1643	1203	0.6093356609344482	1643	1203	0.0	1643	1203	0.05300116539001465
50_50_4_1_5	212	212	0	212	212	28.716.774.463.653.500	212	212	0.01564931869506836	212	212	0.07811903953552246	212	212	0.0	212	212	0.01200246810913086
50_50_4_2_5	399	399	0	402	402	28.831.596.851.348.800	402	402	6.079.303.503.036.490	402	402	0.1562361717224121	402	402	0.0	402	402	0.018999814987182617
50_50_4_3_5	537	537	0	409	409	11.592.942.476.272.500	401	401	10.054.594.039.916.900	537	537	0.20310759544372559	537	537	0.0	537	537	0.03299713134765625
50_50_4_4_5	835	835	0	416	416	11.374.165.296.554.500	374	374	10.072.368.383.407.500	840	840	0.3593471050262451	840	840	0.0	840	840	0.013998031616210938
50_50_4_5_5	1203	1203	0	542	542	11.467.955.112.457.200	486	486	10.046.194.076.538.000	1203	1203	0.5780842304229736	1203	1203	0.0	1203	1203	0.009001731872558594
50_100_1_1_5	1493	362	0	951	367	11.389.845.371.246.300	1493	362	24.529.552.459.716.700	1493	362	0.17188262939453125	1493	362	0.0	1493	362	0.011999845504760742
50_100_1_2_5	1629	813	0	962	782	10.733.625.173.568.700	1346	506	1.009.077.787.399.290	1629	812	0.4062061309814453	1629	812	0.0	1629	813	0.033002614974975586
50_100_1_3_5	2088	1035	0	947	659	11.171.113.967.895.500	1278	325	10.061.813.116.073.600	2088	1035	0.5468363761901855	2088	1035	0.0	2088	1035	0.011985063552856445
50_100_1_4_5	2448	1583	0	1170	892	11.983.541.011.810.300	1236	402	10.055.418.729.782.100	2449	1595	0.8436896800994873	2449	1595	0.0	2449	1595	0.0180056095123291
50_100_1_5_5	2587	2236	0	1146	1082	10.936.738.014.221.100	1253	451	10.035.036.087.036.100	2587	2236	12.499.339.580.535.800	2587	2236	0.0	2587	2236	0.009999752044677734
50_100_2_1_5	480	371	0	434	370	18.795.557.022.094.700	481	373	12.186.789.512.634.200	481	373	0.15625452995300293	481	373	0.0	481	373	0.020002365112304688
50_100_2_2_5	944	823	0	881	823	28.786.625.385.284.400	944	823	9.568.997.621.536.250	944	823	0.3593301773071289	944	823	0.0	944	823	0.023001909255981445
50_100_2_3_5	1188	1039	0,000998974	769	713	12.092.868.566.513.000	747	618	10.080.028.533.935.500	1194	1041	0.5312142372131348	1194	1041	0.0	1194	1041	0.020980358123779297
50_100_2_4_5	1732	1593	0	1028	1032	11.506.457.567.214.900	779	651	10.057.186.126.708.900	1735	1597	0.8593194484710693	1735	1597	0.0	1735	1597	0.024001598358154297
50_100_2_5_5	2355	2244	0	1244	1226	11.546.067.714.691.100	1064	953	10.046.207.904.815.600	2355	2244	1.124.938.726.425.170	2355	2244	0.0	2355	2244	0.03199911117553711
50_100_3_1_5	604	414	0	550	420	28.732.383.251.190.100	610	420	8.084.954.500.198.360	610	420	0.17186331748962402	610	420	0.0	610	420	0.03198575973510742
50_100_3_2_5	1116	846	0	1063	883	10.999.191.761.016.800	602	412	10.077.444.553.375.200	1156	886	0.3749549388885498	1156	886	0.0	1156	886	0.016034603118896484
50_100_3_3_5	1412	1062	0	999	809	12.046.020.269.393.900	467	277	10.061.756.610.870.300	1462	1112	0.5312318801879883	1462	1112	0.0	1462	1112	0.018985986709594727
50_100_3_4_5	2203	1813	0	1294	1104	12.217.918.634.414.600	694	514	10.053.810.119.628.900	2230	1840	0.8905649185180664	2230	1840	0.0	2230	1840	0.0469970703125
50_100_3_5_5	2758	2318	0,000999212	1432	1242	11.030.443.668.365.400	650	470	10.046.778.678.894.000	2851	2411	12.655.227.184.295.600	2851	2411	0.0	2851	2411	0.025998592376708984
50_100_4_1_5	420	420	0	420	420	28.857.375.383.377.000	420	420	0.01558232307434082	420	420	0.140610933303833	420	420	0.0	420	420	0.012999534606933594
50_100_4_2_5	882	882	0	886	886	28.294.888.496.398.900	886	886	5.288.975.477.218.620	886	886	0.32810211181640625	886	886	0.0	886	886	0.008964061737060547
50_100_4_3_5	1111	1111	0	809	809	11.577.313.899.993.800	751	751	10.077.383.518.218.900	1112	1112	0.48433971405029297	1112	1112	0.0	1112	1112	0.009951591491699219
50_100_4_4_5	1833	1833	0	1099	1099	1.162.417.197.227.470	1024	1024	1.004.917.049.407.950	1840	1840	0.7968378067016602	1840	1840	0.0	1840	1840	0.01200103759765625
50_100_4_5_5	2391	2391	0	1242	1242	1.166.413.688.659.660	1136	1136	10.040.651.321.411.100	2411	2411	1.078.033.685.684.200	2411	2411	0.015623807907104492	2411	2411	0.014023780822753906
50_500_1_1_5	5830	2169	0	3894	2236	13.045.953.273.773.100	5860	2251	0.48432374000549316	5860	2251	0.9374525547027588	5860	2251	0.0	5860	2251	0.025996685028076172
50_500_1_2_5	7732	4705	0	5640	4678	1.228.039.264.678.950	6266	3236	10.032.118.797.302.200	7733	4700	21.873.507.499.694.800	7733	4700	0.015623807907104492	7733	4700	0.02002429962158203
50_500_1_3_5	8846	6433	0	3925	4431	11.327.336.549.758.900	5776	3186	10.071.314.811.706.500	8846	6433	3.202.922.821.044.920	8846	6433	0.01564168930053711	8846	6433	0.01399087905883789
50_500_1_4_5	10495	8201	0	5711	5332	12.014.744.520.187.300	6183	2434	10.049.245.357.513.400	10495	8201	410.907.506.942.749	10495	8201	0.015622138977050781	10495	8201	0.011945486068725586
50_500_1_5_5	12145	9027	0	4658	5075	11.108.554.601.669.300	5961	1984	10.054.786.205.291.700	12184	9108	4.952.786.922.454.830	12184	9108	0.015624523162841797	12184	9108	0.014983177185058594
50_500_2_1_5	2617	2221	0	2462	2241	12.514.753.103.256.200	2645	2249	0.07806253433227539	2645	2249	0.8905835151672363	2645	2249	0.0	2645	2249	0.05095934867858887
50_500_2_2_5	5329	4722	0	4870	4706	11.436.659.574.508.600	5336	4722	9.989.368.200.302.120	5336	4722	21.968.863.010.406.400	5336	4722	0.0	5336	4722	0.051000356674194336
50_500_2_3_5	6886	6411	0	4582	4711	1.154.603.123.664.850	4693	4203	1.009.301.233.291.620	6925	6439	32.341.742.515.563.900	6925	6439	0.0	6925	6439	0.0969996452331543
50_500_2_4_5	8734	8231	0	5246	5170	11.249.217.510.223.300	4512	3978	10.093.002.319.335.900	8773	8262	4.140.345.096.588.130	8773	8262	0.0	8773	8262	0.03799891471862793
50_500_2_5_5	9866	9147	0	5375	5218	11.421.040.296.554.500	4002	3342	10.038.355.827.331.500	9873	9157	4.780.922.174.453.730	9873	9157	0.01562356948852539	9873	9157	0.051016807556152344
50_500_3_1_5	2415	2235	0	2347	2237	29.310.465.335.845.900	2415	2235	4.542.511.463.165.280	2415	2235	1.136.436.939.239.500	2415	2235	0.0	2415	2235	0.01899886131286621
50_500_3_2_5	4574	4294	0	4541	4351	2.502.295.207.977.290	2260	2070	10.093.063.116.073.600	4632	4352	20.984.857.082.366.900	4632	4352	0.0	4632	4352	0.07000017166137695
50_500_3_3_5	6070	5720	0	4704	4544	11.327.334.642.410.200	1877	1687	1.005.328.369.140.620	6262	5912	2.992.943.286.895.750	6262	5912	0.01563858985900879	6262	5912	0.10499739646911621
50_500_3_4_5	8853	8453	0	6005	5825	11.967.900.037.765.500	2194	2014	1.006.175.947.189.330	9040	8640	45.622.522.830.963.100	9040	8640	0.015623807907104492	9040	8640	0.08600020408630371
50_500_3_5_5	9999	9549	0	4845	4655	10.999.185.800.552.300	1534	1354	10.035.071.849.822.900	10445	9995	54.996.421.337.127.600	10445	9995	0.031247854232788086	10445	9995	0.1700124740600586
50_500_4_1_5	2232	2232	0	2237	2237	29.169.865.608.215.300	2237	2237	0.0937032699584961	2237	2237	0.7655532360076904	2237	2237	0.0	2237	2237	0.03401327133178711
50_500_4_2_5	4348	4348	0	4352	4352	28.341.784.238.815.300	4352	4352	1.000.444.483.757.010	4352	4352	17.186.329.364.776.600	4352	4352	0.0	4352	4352	0.0379948616027832
50_500_4_3_5	5910	5910	0	4544	4544	11.452.284.812.927.200	4451	4451	10.069.295.167.922.900	5912	5912	2.421.729.326.248.160	5912	5912	0.0	5912	5912	0.025020122528076172
50_500_4_4_5	8639	8639	0	6123	6123	11.217.926.979.064.900	5424	5424	10.061.779.737.472.500	8640	8640	3.687.249.183.654.780	8640	8640	0.0	8640	8640	0.0689992904663086
50_500_4_5_5	9991	9991	0	4647	4647	11.467.929.363.250.700	4236	4236	10.036.218.166.351.300	9995	9995	4.546.549.081.802.360	9995	9995	0.0	9995	9995	0.01999974250793457
50_1000_1_1_5	10128	4907	0	5907	5031	12.561.609.268.188.400	10281	5073	0.3124568462371826	10281	5073	20.936.074.256.896.900	10281	5073	0.0	10281	5073	0.01696491241455078
50_1000_1_2_5	15724	8611	0	11462	8511	3.843.431.282.043.450	15814	8717	7.280.754.327.774.040	15814	8717	39.372.260.570.526.100	15814	8717	0.015625715255737305	15814	8717	0.01805257797241211
50_1000_1_3_5	19867	13600	0	9951	10226	1.188.587.212.562.560	13364	6958	10.083.011.627.197.200	19896	13673	6.874.530.076.980.590	19896	13673	0.015622854232788086	19896	13673	0.01701521873474121
50_1000_1_4_5	21956	16890	0	11711	9832	12.267.370.223.999.000	10747	3785	10.057.486.772.537.200	21988	16917	8.468.190.670.013.420	21988	16917	0.015622615814208984	21988	16917	0.02401447296142578
50_1000_1_5_5	24283	18973	0	7968	7932	11.347.423.553.466.700	13088	2984	1.004.671.859.741.210	23473	18887	10.014.922.142.028.800	24330	19136	0.046868324279785156	24330	19136	0.019001245498657227
50_1000_2_1_5	5644	4936	0	5583	5060	12.824.923.515.319.800	5796	5089	0.07809805870056152	5796	5089	19.842.407.703.399.600	5796	5089	0.0156252384185791	5796	5089	0.07098531723022461
50_1000_2_2_5	9886	8691	0	9018	8714	15.542.149.066.925.000	9917	8696	10.055.906.772.613.500	9961	8721	39.060.022.830.963.100	9961	8721	0.0	9961	8721	0.06000018119812012
50_1000_2_3_5	14491	13687	0	9733	9843	11.923.718.929.290.700	12011	11097	10.093.031.406.402.500	14634	13691	6.593.280.553.817.740	14634	13691	0.01562786102294922	14634	13691	0.0280001163482666
50_1000_2_4_5	17540	16920	0	9087	9239	1.164.128.589.630.120	9563	8662	10.069.847.345.352.100	17623	16928	8.452.549.457.550.040	17623	16928	0.015619993209838867	17623	16928	0.04899907112121582
50_1000_2_5_5	19881	19150	0	11833	12026	1.241.634.750.366.210	8400	7279	10.046.013.355.255.100	19884	19154	9.889.953.374.862.670	19884	19154	0.031246423721313477	19884	19154	0.01799488067626953
50_1000_3_1_5	4455	4255	0	4680	4570	2.124.338.173.866.270	4015	3825	10.121.403.694.152.800	4770	4570	1.906.118.631.362.910	4770	4570	0.015630006790161133	4770	4570	0.015000581741333008
50_1000_3_2_5	9253	8993	0	9515	9345	11.108.559.608.459.400	5356	5166	10.092.228.889.465.300	9612	9352	4.124.715.805.053.710	9612	9352	0.015623331069946289	9612	9352	0.0840156078338623
50_1000_3_3_5	13317	12977	0	9742	9572	119.679.434.299.469	4265	4075	10.084.110.736.846.900	13502	13162	64.862.284.660.339.300	13502	13162	0.031243562698364258	13502	13162	0.020999908447265625
50_1000_3_4_5	17112	16712	0	12072	11892	12.214.731.216.430.600	3666	3486	10.061.765.432.357.700	17706	17306	9.371.326.684.951.780	17706	17306	0.04687047004699707	17705	17305	0.06698465347290039
50_1000_3_5_5	20523	20073	0	9845	9655	11.786.866.903.305.000	2621	2441	10.039.541.959.762.500	21248	20828	1.001.493.787.765.500	21278	20828	0.04689145088195801	21277	20827	0.0339512825012207
50_1000_4_1_5	4555	4555	0	4570	4570	3.032.561.755.180.350	4570	4570	0.09374237060546875	4570	4570	15.623.931.884.765.600	4570	4570	0.0	4570	4570	0.07998299598693848
50_1000_4_2_5	9345	9345	0	9352	9352	31.657.145.261.764.500	9352	9352	9.936.822.652.816.770	9352	9352	3.546.635.150.909.420	9352	9352	0.015606403350830078	9352	9352	0.04400038719177246
50_1000_4_3_5	13111	13111	0	9477	9477	13.135.557.174.682.600	9451	9451	10.072.761.297.225.900	13162	13162	5.405.899.286.270.140	13162	13162	0.0	13162	13162	0.05300021171569824
50_1000_4_4_5	17275	17275	0	11892	11892	11.274.025.678.634.600	10924	10924	1.006.175.971.031.180	17306	17306	7.233.865.976.333.610	17306	17306	0.015623807907104492	17306	17306	0.02700042724609375
50_1000_4_5_5	20703	20703	0	9655	9655	11.733.518.600.463.800	8736	8736	100.461.905.002.594	20828	20828	9.374.376.773.834.220	20828	20828	0.0312502384185791	20827	20827	0.03399991989135742
100_50_1_1_5	1145	395	0	550	394	1.160.852.336.883.540	494	91	10.034.767.627.716.000	1145	395	0.34372663497924805	1145	395	0.0	1145	395	0.029933929443359375
100_50_1_2_5	1587	784	0	465	424	11.014.843.463.897.700	646	99	10.046.480.417.251.500	1587	786	0.7655532360076904	1587	786	0.0	1587	784	0.016000747680664062
100_50_1_3_5	2092	1214	0	401	376	11.249.176.979.064.900	608	122	1.002.469.253.540.030	2093	1216	12.811.822.891.235.300	2093	1216	0.0	2093	1216	0.014020681381225586
100_50_1_4_5	2441	1575	0	561	382	1.210.848.617.553.710	541	81	10.030.566.453.933.700	2441	1576	16.717.615.127.563.400	2441	1576	0.0	2441	1575	0.012981414794921875
100_50_1_5_5	2343	2155	0	587	554	11.412.622.690.200.800	555	118	10.001.789.331.436.100	2347	2175	2.390.444.755.554.190	2347	2175	0.015601158142089844	2347	2175	0.024056196212768555
100_50_2_1_5	504	395	0	429	394	14.379.881.143.569.900	280	202	10.077.433.586.120.600	504	396	0.34372377395629883	504	396	0.0	504	396	0.018999814987182617
100_50_2_2_5	903	786	0	494	496	1.217.412.257.194.510	323	252	10.039.148.569.107.000	906	786	0.7030806541442871	906	786	0.0	906	786	0.051001548767089844
100_50_2_3_5	1351	1215	0	363	373	1.176.561.689.376.830	263	196	10.030.565.977.096.500	1352	1216	12.499.141.693.115.200	1352	1216	0.0	1352	1216	0.04599881172180176
100_50_2_4_5	1721	1576	0	369	369	11.249.176.263.809.200	181	125	10.022.477.865.219.100	1722	1576	16.561.532.020.568.800	1722	1576	0.0	1722	1576	0.018000125885009766
100_50_2_5_5	2269	2175	0	594	598	11.414.197.206.497.100	227	161	10.011.481.046.676.600	2272	2175	23.435.721.397.399.900	2272	2175	0.01562356948852539	2272	2175	0.024000883102416992
100_50_3_1_5	813	403	0	582	402	13.530.330.181.121.800	266	86	1.003.976.821.899.410	817	407	0.34372615814208984	817	407	0.0	817	407	0.013000011444091797
100_50_3_2_5	1395	815	0	651	461	10.718.016.624.450.600	253	73	10.027.765.035.629.200	1411	831	0.7499520778656006	1411	831	0.0	1411	831	0.023000001907348633
100_50_3_3_5	1922	1192	0	597	407	11.764.785.289.764.400	247	77	10.031.155.109.405.500	1932	1202	115.616.774.559.021	1932	1202	0.0	1932	1202	0.02299809455871582
100_50_3_4_5	2479	1669	0	606	416	1.280.091.404.914.850	247	77	10.015.623.569.488.500	2497	1687	16.788.849.830.627.400	2497	1687	0.015624046325683594	2497	1687	0.04499936103820801
100_50_3_5_5	2974	2064	0	732	542	10.999.232.292.175.200	243	73	10.015.464.782.714.800	2978	2068	2.109.231.472.015.380	2978	2068	0.01560521125793457	2978	2068	0.018990039825439453
100_50_4_1_5	407	407	0	407	407	2.852.928.924.560.540	407	407	4.783.640.384.674.070	407	407	0.28124547004699707	407	407	0.0	407	407	0.01398921012878418
100_50_4_2_5	831	831	0	461	461	12.719.572.305.679.300	444	444	10.046.193.599.700.900	831	831	0.6405613422393799	831	831	0.0	831	831	0.020000219345092773
100_50_4_3_5	1202	1202	0,000998497	402	402	11.769.393.920.898.400	380	380	1.002.317.762.374.870	1202	1202	0.9999535083770752	1202	1202	0.01562356948852539	1202	1202	0.01999974250793457
100_50_4_4_5	1687	1687	0	416	416	11.419.518.947.601.300	364	364	10.007.304.906.845.000	1687	1687	14.530.255.794.525.100	1687	1687	0.0	1687	1687	0.021001100540161133
100_50_4_5_5	2068	2068	0	542	542	1.205.515.170.097.350	474	474	10.003.901.481.628.400	2068	2068	1.812.356.948.852.530	2068	2068	0.0	2068	2068	0.011993408203125
100_100_1_1_5	2710	773	0	1116	713	1.178.327.989.578.240	1253	162	10.033.233.165.740.900	2722	790	0.7030775547027588	2722	790	0.0	2722	790	0.04094552993774414
100_100_1_2_5	3399	1570	0	1050	930	1.143.526.005.744.930	1156	113	10.038.693.189.620.900	3403	1570	15.467.698.574.066.100	3403	1570	0.01562356948852539	3403	1570	0.02400493621826172
100_100_1_3_5	4142	2234	0	947	659	11.171.053.647.994.900	1225	188	10.018.157.243.728.600	4142	2234	2.343.590.021.133.420	4142	2234	0.01562356948852539	4142	2234	0.026999950408935547
100_100_1_4_5	4811	3265	0	1170	892	12.016.253.232.955.900	1164	186	10.018.544.673.919.600	4819	3276	36.285.998.821.258.500	4819	3276	0.03126668930053711	4819	3276	0.030001401901245117
100_100_1_5_5	4976	4167	0	1146	1082	11.038.666.725.158.600	1153	199	10.001.291.990.280.100	4976	4167	4.748.311.758.041.380	4976	4167	0.03124690055847168	4976	4167	0.015000104904174805
100_100_2_1_5	1005	793	0	777	744	11.530.407.190.322.800	385	260	10.061.095.237.731.900	1008	796	0.6753501892089844	1008	796	0.0	1008	795	0.07300090789794922
100_100_2_2_5	1803	1568	0	1128	1096	11.561.654.567.718.500	450	322	10.039.708.375.930.700	1811	1570	14.914.984.703.063.900	1811	1570	0.0	1811	1570	0.025000572204589844
100_100_2_3_5	2472	2241	0	769	713	11.389.793.157.577.500	374	261	10.019.437.074.661.200	2473	2241	2.615.549.087.524.410	2473	2241	0.015601634979248047	2473	2241	0.02700066566467285
100_100_2_4_5	3562	3276	0	1028	1032	11.374.229.907.989.500	487	358	10.026.099.920.272.800	3566	3276	34.019.198.417.663.500	3566	3276	0.015624046325683594	3566	3276	0.029998064041137695
100_100_2_5_5	4408	4174	0	1252	1226	1.143.671.703.338.620	531	410	10.046.149.253.845.200	4411	4175	4.405.965.805.053.710	4411	4175	0.031246423721313477	4411	4175	0.031014680862426758
100_100_3_1_5	1195	805	0	1012	832	14.155.288.934.707.600	367	187	10.036.219.358.444.200	1222	832	0.6874537467956543	1222	832	0.0	1222	832	0.051000118255615234
100_100_3_2_5	2165	1585	0	1252	1062	10.764.831.304.550.100	310	130	10.030.529.499.053.900	2211	1631	14.998.924.732.208.200	2211	1631	0.0	2211	1631	0.06500053405761719
100_100_3_3_5	3031	2321	0,000998735	999	809	11.311.729.907.989.500	284	114	10.030.573.606.491.000	3062	2352	22.654.736.042.022.700	3062	2352	0.015643835067749023	3062	2352	0.09800052642822266
100_100_3_4_5	4188	3388	0,00099659	1333	1143	12.401.085.615.158.000	355	185	10.008.486.270.904.500	4220	3420	3.343.522.548.675.530	4220	3420	0.03124713897705078	4220	3420	0.06599926948547363
100_100_3_5_5	5276	4376	0	1432	1242	10.999.263.525.009.100	313	143	1.000.552.248.954.770	5343	4443	4.452.831.506.729.120	5343	4443	0.04685163497924805	5343	4443	0.0480189323425293
100_100_4_1_5	832	832	0	832	832	2.912.301.802.635.190	832	832	5.813.527.822.494.500	832	832	0.5780837535858154	832	832	0.0	832	832	0.015047073364257812
100_100_4_2_5	1630	1630	0	1062	1062	11.499.219.417.572.000	1060	1060	10.061.797.380.447.300	1631	1631	12.655.189.037.322.900	1631	1631	0.0	1631	1631	0.014000177383422852
100_100_4_3_5	2352	2352	0	809	809	11.602.134.704.589.800	730	730	10.022.265.434.265.100	2352	2352	19.529.941.082.000.700	2352	2352	0.015624284744262695	2352	2352	0.021000385284423828
100_100_4_4_5	3420	3420	0	1099	1099	1.138.984.727.859.490	964	964	10.024.111.032.485.900	3420	3420	2.843.535.900.115.960	3420	3420	0.015623331069946289	3420	3420	0.018992900848388672
100_100_4_5_5	4438	4438	0	1242	1242	1.165.545.129.776.000	1124	1124	10.030.547.142.028.800	4443	4443	3.859.116.315.841.670	4443	4443	0.03124547004699707	4443	4443	0.013003826141357422
100_500_1_1_5	11084	4560	0	5725	4556	13.323.017.597.198.400	6819	2138	10.070.945.501.327.500	11175	4554	38.122.353.553.771.900	11175	4554	0.015626192092895508	11175	4554	0.06800079345703125
100_500_1_2_5	14893	8934	0,015604734	5571	4996	10.859.831.809.997.500	4564	773	10.046.188.116.073.600	14912	8959	8.436.925.411.224.360	14912	8959	0.03124547004699707	14912	8959	0.039000511169433594
100_500_1_3_5	19685	13324	0	3925	4431	11.202.343.463.897.700	5827	1253	10.030.981.302.261.300	15393	13362	10.061.814.308.166.500	19728	13385	0.06249499320983887	19728	13385	0.03399801254272461
100_500_1_4_5	22902	17160	0	5711	5332	11.936.652.421.951.200	5497	1116	10.031.028.985.977.100	11891	12981	10.014.941.692.352.200	22929	17206	0.10936808586120605	22929	17206	0.036998748779296875
100_500_1_5_5	26431	20393	0	4658	5075	1.107.733.678.817.740	5555	662	10.016.663.789.749.100	10518	9447	10.030.584.335.327.100	26463	20497	0.14059853553771973	26463	20497	0.020961284637451172
100_500_2_1_5	5382	4550	0	4662	4553	1.301.470.685.005.180	3176	2563	1.007.887.053.489.680	5403	4561	3.734.100.580.215.450	5403	4561	0.0	5403	4561	0.26400303840637207
100_500_2_2_5	10045	8952	0	4948	4863	11.342.940.092.086.700	2132	1648	1.004.590.368.270.870	10083	8970	801.425.051.689.148	10083	8970	0.031244754791259766	10083	8970	0.06599903106689453
100_500_2_3_5	14504	13391	0	4582	4711	11.671.077.013.015.700	3362	2745	10.038.185.596.466.000	14081	13390	1.012.431.001.663.200	14512	13387	0.06249570846557617	14512	13387	0.34598278999328613
100_500_2_4_5	18482	17206	0	5246	5170	11.327.351.331.710.800	3136	2545	10.025.771.379.470.800	13054	12981	10.093.061.923.980.700	18494	17207	0.09376072883605957	18494	17207	0.03200030326843262
100_500_2_5_5	21826	20508	0	5434	5246	11.577.293.634.414.600	2282	1628	10.026.882.886.886.500	10193	9914	1.003.058.648.109.430	21826	20508	0.14061570167541504	21826	20508	0.036008596420288086
100_500_3_1_5	4823	4453	0	4752	4582	28.310.513.496.398.900	1379	1199	10.061.758.995.056.100	4952	4582	37.341.182.231.903.000	4952	4582	0.015606164932250977	4952	4582	0.04800105094909668
100_500_3_2_5	9156	8586	0	5073	4883	1.068.016.266.822.810	751	571	10.030.511.379.241.900	9201	8631	7.671.330.451.965.330	9201	8631	0.04687047004699707	9201	8631	0.021998167037963867
100_500_3_3_5	12674	11974	0	4704	4544	11.186.703.443.527.200	870	700	10.023.445.129.394.500	12882	12252	10.061.817.407.608.000	12952	12252	0.09376311302185059	12952	12252	0.07600045204162598
100_500_3_4_5	16644	15824	0	6005	5825	1.178.041.386.604.300	937	767	10.028.574.228.286.700	15345	14765	10.014.940.023.422.200	16707	15887	0.1405961513519287	16706	15886	0.1139981746673584
100_500_3_5_5	20227	19317	0	4845	4655	10.842.991.352.081.200	855	685	10.019.689.321.517.900	11439	10989	10.014.936.447.143.500	20603	19693	0.18750739097595215	20603	19693	0.03501176834106445
100_500_4_1_5	4580	4580	0	4582	4582	2.891.986.846.923.820	4582	4582	31.664.795.875.549.300	4582	4582	31.404.128.074.645.900	4582	4582	0.0	4582	4582	0.01500248908996582
100_500_4_2_5	8624	8624	0	4883	4883	11.186.704.397.201.500	4494	4494	10.056.830.167.770.300	8631	8631	6.452.685.594.558.710	8631	8631	0.015609979629516602	8631	8631	0.015021324157714844
100_500_4_3_5	12237	12237	0	4544	4544	11.405.439.615.249.600	4230	4230	100.461.745.262.146	12252	12252	10.014.939.069.747.900	12252	12252	0.031244277954101562	12252	12252	0.01599884033203125
100_500_4_4_5	15873	15873	0	5825	5825	11.092.959.642.410.200	4964	4964	1.003.054.928.779.600	15887	15887	10.382.915.496.826.100	15887	15887	0.06249570846557617	15887	15887	0.02300095558166504
100_500_4_5_5	19582	19582	0	4647	4647	11.389.787.435.531.600	4124	4124	1.003.050.708.770.750	11203	11203	10.983.622.074.127.100	19693	19693	0.09374284744262695	19693	19693	0.019999980926513672
100_1000_1_1_5	21538	9353	0	8110	9260	1.240.538.477.897.640	12125	3522	10.077.872.037.887.500	21538	9353	8.093.180.418.014.520	21538	9353	0.015621662139892578	21538	9353	0.021016597747802734
100_1000_1_2_5	30553	17951	0	12406	10478	10.874.223.947.525.000	10721	2164	1.003.485.107.421.870	23099	17882	10.280.547.857.284.500	30553	17951	0.07811951637268066	30553	17951	0.021999835968017578
100_1000_1_3_5	42765	26867	0	9951	10226	11.264.800.786.972.000	12494	2462	1.002.330.732.345.580	16932	16553	10.139.933.347.702.000	42821	26883	0.12498927116394043	42821	26883	0.05099940299987793
100_1000_1_4_5	45810	34846	0	11711	9832	11.967.899.799.346.900	11150	2242	1.003.050.708.770.750	13648	11284	10.108.680.725.097.600	45810	34846	0.18748784065246582	45810	34846	0.01900005340576172
100_1000_1_5_5	50922	39343	0	8658	11575	10.827.327.489.852.900	12439	1525	1.000.086.522.102.350	8806	12531	10.061.814.785.003.600	50973	39569	0.2656083106994629	50973	39569	0.022981643676757812
100_1000_2_1_5	10649	9396	0	10030	9396	11.508.744.239.807.100	9108	7898	10.157.217.741.012.500	10713	9395	7.265.132.188.796.990	10713	9395	0.015619754791259766	10713	9395	0.09401559829711914
100_1000_2_2_5	20352	17950	0,000998735	10948	10836	1.138.984.227.180.480	6805	5486	10.050.388.813.018.700	19409	17970	10.108.683.347.702.000	20438	17970	0.06249499320983887	20438	17970	0.053999900817871094
100_1000_2_3_5	28773	26869	0	10031	10206	11.499.181.985.855.100	8148	6876	10.033.462.524.414.000	16473	16799	10.061.815.977.096.500	28814	26888	0.09374380111694336	28814	26888	0.06600236892700195
100_1000_2_4_5	36279	34868	0	9586	9617	11.139.831.304.550.100	5290	4373	10.026.278.257.369.900	11198	11284	10.124.326.467.514.000	36285	34875	0.1718595027923584	36285	34875	0.10000038146972656
100_1000_2_5_5	41099	39665	0	11833	12026	1.145.228.910.446.160	4758	3567	10.020.276.546.478.200	12271	12542	10.046.169.996.261.500	41106	39674	0.2187328338623047	41106	39674	0.04904794692993164
100_1000_3_1_5	8983	8593	0	9158	8998	15.077.075.242.996.200	2151	1971	10.047.258.615.493.700	9388	8998	7.343.249.797.821.040	9388	8998	0.031244993209838867	9388	8998	0.29398512840270996
100_1000_3_2_5	17374	16804	0	11588	11398	10.764.834.880.828.800	1595	1415	10.028.276.681.900.000	17375	16965	1.006.179.404.258.720	17535	16965	0.10936713218688965	17535	16965	0.02700042724609375
100_1000_3_3_5	27155	26465	0	9742	9572	1.120.232.605.934.140	1520	1350	10.022.289.752.960.200	17476	17146	10.101.876.258.850.000	27192	26502	0.17186307907104492	27192	26502	0.0390009880065918
100_1000_3_4_5	32908	32098	0	12542	12352	11.999.184.131.622.300	1469	1299	10.020.977.020.263.600	14525	14265	10.046.184.778.213.500	33697	32887	0.28124523162841797	33697	32887	0.04900002479553223
100_1000_3_5_5	39769	38859	0,015642643	9845	9655	10.842.975.854.873.600	1354	1184	1.002.394.151.687.620	10955	10745	10.046.192.646.026.600	40603	39693	0.374955415725708	40603	39693	0.06898307800292969
100_1000_4_1_5	8991	8991	0	8998	8998	2.873.235.297.203.060	8998	8998	13.279.924.392.700.100	8998	8998	6.265.198.469.161.980	8998	8998	0.0	8998	8998	0.03798866271972656
100_1000_4_2_5	16959	16959	0	11398	11398	11.233.609.914.779.600	11260	11260	10.139.938.354.492.100	16965	16965	10.483.675.479.888.900	16965	16965	0.01562356948852539	16964	16964	0.169999361038208
100_1000_4_3_5	26494	26494	0	9477	9477	11.389.827.489.852.900	8730	8730	10.024.422.883.987.400	18480	18480	10.148.956.775.665.200	26502	26502	0.04687023162841797	26502	26502	0.030955791473388672
100_1000_4_4_5	32885	32885	0	12352	12352	11.171.050.310.134.800	10464	10464	1.003.056.788.444.510	14582	14582	10.046.170.949.935.900	32887	32887	0.12499403953552246	32887	32887	0.1229848861694336
100_1000_4_5_5	39495	39495	0	9655	9655	1.175.821.566.581.720	8624	8624	10.021.132.707.595.800	10986	10986	10.093.062.400.817.800	39693	39693	0.171860933303833	39693	39693	0.014000415802001953
500_50_1_1_5	5900	2147	0	577	431	11.389.813.661.575.300	639	25	10.014.907.121.658.300	5900	2147	9.718.090.534.210.200	5900	2147	0.14059710502624512	5900	2147	0.0539853572845459
500_50_1_2_5	8111	4322	0,005993128	465	424	11.608.525.276.184.000	549	20	10.001.862.049.102.700	5016	4322	10.093.056.678.771.900	8111	4322	0.4218604564666748	8111	4322	0.06400012969970703
500_50_1_3_5	10227	6409	0,000998497	401	376	10.702.377.319.335.900	513	26	10.014.940.738.677.900	3501	3258	10.030.564.785.003.600	10227	6410	0.7655727863311768	10227	6409	0.04899954795837402
500_50_1_4_5	11913	8222	0	561	382	1.151.480.770.111.080	485	20	1.000.672.459.602.350	2680	2355	10.061.808.824.539.100	11913	8222	1.234.290.599.822.990	11913	8222	0.050968170166015625
500_50_1_5_5	12777	10820	0	596	532	1.197.636.342.048.640	480	16	100.124.351.978.302	1809	1907	1.004.619.288.444.510	12777	10820	1.906.123.399.734.490	12777	10820	0.05098700523376465
500_50_2_1_5	2629	2147	0	475	450	10.811.761.856.079.100	101	37	10.002.996.683.120.700	2629	2147	9.093.145.608.901.970	2629	2147	0.10934734344482422	2629	2147	0.047962188720703125
500_50_2_2_5	4968	4322	0	494	496	1.103.044.319.152.830	98	44	10.015.446.662.902.800	4586	4322	10.124.309.778.213.500	4968	4322	0.31249284744262695	4968	4322	0.042997121810913086
500_50_2_3_5	7139	6410	0	363	373	11.046.087.741.851.800	101	42	10.002.976.894.378.600	3260	3227	10.046.174.049.377.400	7139	6410	0.6249547004699707	7139	6410	0.06599783897399902
500_50_2_4_5	8921	8222	0	369	369	11.421.096.801.757.800	83	26	10.014.959.335.327.100	2402	2364	10.030.580.759.048.400	8921	8222	10.467.851.161.956.700	8921	8222	0.0469973087310791
500_50_2_5_5	11242	10819	0	594	598	11.577.335.357.666.000	89	31	10.008.809.804.916.300	1915	1907	10.046.185.731.887.800	11243	10820	17.030.062.675.476.000	11242	10820	0.041944265365600586
500_50_3_1_5	4210	2130	0	679	489	11.249.232.769.012.400	170	20	1.001.492.190.361.020	4218	2138	8.905.645.847.320.550	4218	2138	0.20313096046447754	4218	2138	0.03400254249572754
500_50_3_2_5	7076	4176	0	652	462	11.233.609.199.523.900	167	17	1.000.443.410.873.410	6190	4190	10.077.431.440.353.300	7090	4190	0.5468204021453857	7090	4190	0.12399935722351074
500_50_3_3_5	9717	6167	0,015623331	599	409	11.452.337.265.014.600	161	21	1.000.593.113.899.230	5088	3648	100.461.905.002.594	9723	6173	10.155.534.744.262.600	9723	6173	0.07500004768371582
500_50_3_4_5	12383	8303	0,001996994	606	416	10.671.151.399.612.400	156	16	10.013.680.696.487.400	3587	2567	10.061.812.162.399.200	12388	8308	15.311.481.952.667.200	12388	8308	0.03694415092468262
500_50_3_5_5	15359	10809	0	732	542	11.217.985.153.198.200	154	14	10.014.920.949.935.900	2855	2075	10.030.566.453.933.700	15371	10821	2.187.347.888.946.530	15371	10821	0.03600263595581055
500_50_4_1_5	2138	2138	0	489	489	11.819.393.157.958.900	406	406	10.014.936.208.724.900	2138	2138	7.774.601.221.084.590	2138	2138	0.01562356948852539	2138	2138	0.038965702056884766
500_50_4_2_5	4190	4190	0	462	462	10.874.258.518.218.900	354	354	10.014.881.610.870.300	4190	4190	1.632.701.277.732.840	4190	4190	0.09374094009399414	4190	4190	0.10500001907348633
500_50_4_3_5	6173	6173	0	409	409	11.561.713.695.526.100	321	321	10.014.939.069.747.900	3715	3715	19.451.798.915.863.000	6173	6173	0.24998092651367188	6173	6173	0.05802011489868164
500_50_4_4_5	8308	8308	0	419	419	11.108.560.800.552.300	305	305	10.003.536.224.365.200	2580	2580	1.765.504.741.668.700	8308	8308	0.6405835151672363	8308	8308	0.05699944496154785
500_50_4_5_5	10821	10821	0	542	542	11.421.093.702.316.200	371	371	1.000.279.951.095.580	2075	2075	1.656.136.465.072.630	10821	10821	12.030.398.845.672.600	10821	10821	0.03901362419128418
500_100_1_1_5	12554	4067	0	1116	713	11.249.236.583.709.700	1209	30	10.003.689.527.511.500	9055	4072	10.155.555.248.260.400	12563	4072	0.28122878074645996	12563	4072	0.08899831771850586
500_100_1_2_5	16446	8363	0	1050	930	114.367.196.559.906	1053	30	10.003.872.632.980.300	5095	4791	10.061.816.930.770.800	16455	8372	0.8436944484710693	16455	8372	0.07799983024597168
500_100_1_3_5	20922	12204	0	947	659	11.264.855.861.663.800	1151	40	10.000.863.313.674.900	3532	3028	10.046.191.930.770.800	20925	12210	14.842.746.257.781.900	20925	12210	0.05200028419494629
500_100_1_4_5	22654	16250	0	1170	892	10.780.516.624.450.600	861	28	10.001.798.629.760.700	2735	2396	1.004.618.763.923.640	22659	16256	2.484.203.815.460.200	22657	16256	0.07999825477600098
500_100_1_5_5	25575	21149	0,001996517	1146	1082	11.171.113.014.221.100	943	30	10.007.775.783.538.800	1975	2134	10.046.186.447.143.500	25576	21153	37.809.903.621.673.500	25576	21153	0.05398392677307129
500_100_2_1_5	5006	4072	0	777	744	12.030.397.415.161.100	183	63	10.005.432.605.743.400	4761	4072	10.155.558.109.283.400	5007	4072	0.20310521125793457	5007	4072	0.051000356674194336
500_100_2_2_5	9630	8372	0	1128	1096	10.905.508.518.218.900	166	66	1.000.049.090.385.430	4948	4929	1.004.619.288.444.510	9630	8372	0.6249749660491943	9630	8372	0.04799938201904297
500_100_2_3_5	13666	12210	0	769	713	11.577.334.642.410.200	160	48	10.003.325.700.759.800	3015	3028	10.061.813.592.910.700	13666	12210	12.499.151.229.858.300	13666	12210	0.08199930191040039
500_100_2_4_5	17475	16256	0	1028	1032	11.217.949.390.411.300	132	40	1.000.800.633.430.480	2433	2396	10.061.829.566.955.500	17476	16256	19.685.962.200.164.700	17476	16256	0.04794955253601074
500_100_2_5_5	22108	21153	0	1252	1226	11.342.976.808.547.900	162	66	10.001.011.848.449.700	2150	2134	1.004.617.428.779.600	22110	21153	31.247.897.148.132.300	22109	21153	0.07196950912475586
500_100_3_1_5	6259	4259	0	1146	946	11.124.227.046.966.500	188	28	10.018.235.206.604.000	5750	4280	10.148.972.034.454.300	6280	4280	0.34374094009399414	6280	4280	0.03194856643676758
500_100_3_2_5	11205	8315	0,015604734	1252	1062	11.352.130.651.473.900	173	23	10.003.591.060.638.400	5999	4969	10.087.104.320.526.100	11213	8323	0.9999287128448486	11213	8323	0.03496861457824707
500_100_3_3_5	15793	12243	0	999	809	11.342.978.477.478.000	182	32	10.013.090.372.085.500	3598	2928	10.046.194.076.538.000	15823	12273	18.592.329.025.268.500	15823	12273	0.03800010681152344
500_100_3_4_5	20384	16294	0	1294	1104	10.718.021.869.659.400	177	27	10.012.413.024.902.300	3260	2760	10.061.829.805.374.100	20398	16308	28.748.018.741.607.600	20398	16308	0.06200051307678223
500_100_3_5_5	26196	21646	0	1432	1242	11.217.971.086.502.000	164	24	10.002.666.473.388.600	2630	2260	10.046.190.738.677.900	26205	21655	4.109.089.136.123.650	26205	21655	0.03595995903015137
500_100_4_1_5	4280	4280	0,000998497	946	946	11.874.134.540.557.800	787	787	10.004.066.467.285.100	4280	4280	156.239.492.893.219	4280	4280	0.031247377395629883	4280	4280	0.05399823188781738
500_100_4_2_5	8323	8323	0,001997471	1062	1062	10.921.128.034.591.600	854	854	10.006.800.889.968.800	5456	5456	24.998.275.756.835.900	8323	8323	0.18748998641967773	8323	8323	0.037999868392944336
500_100_4_3_5	12273	12273	0	809	809	11.561.713.695.526.100	571	571	10.036.259.889.602.600	2984	2984	10.280.548.572.540.200	12273	12273	0.5155899524688721	12273	12273	0.05900001525878906
500_100_4_4_5	16307	16307	0,015644312	1099	1099	11.171.113.967.895.500	905	905	10.003.753.662.109.300	2781	2781	1.023.367.691.040.030	16308	16308	1.281.158.208.847.040	16308	16308	0.05205965042114258
500_100_4_5_5	21655	21655	0	1242	1242	11.342.977.523.803.700	871	871	1.000.947.117.805.480	2292	2292	10.093.076.229.095.400	21655	21655	24.373.531.341.552.700	21655	21655	0.03700065612792969
500_500_1_1_5	62304	20233	0	6043	5350	11.217.985.391.616.800	5529	158	10.005.877.017.974.800	11541	11084	10.139.917.612.075.800	62328	20239	13.905.134.201.049.800	62328	20239	0.09696602821350098
500_500_1_2_5	79974	42668	0	5571	4996	11.452.327.728.271.400	4249	181	1.000.478.744.506.830	5513	4522	10.186.801.671.981.800	79974	42668	4.030.975.580.215.450	79974	42668	0.08599972724914551
500_500_1_3_5	103029	64681	0	3951	4726	11.249.236.106.872.500	4742	86	10.015.520.095.825.100	2768	3242	10.139.934.062.957.700	103044	64710	7.733.828.544.616.690	103042	64709	0.10900115966796875
500_500_1_4_5	114925	82218	0	5711	5332	10.827.388.763.427.700	4841	94	10.005.578.994.750.900	2866	2558	1.015.556.001.663.200	114940	82254	1.199.918.270.111.080	114940	82254	0.07496166229248047
500_500_1_5_5	128604	104552	0	4658	5075	11.280.485.153.198.200	5047	117	1.001.248.025.894.160	1493	1978	10.171.195.268.630.900	128608	104567	18.601.222.276.687.600	128604	104552	0.05201530456542969
500_500_2_1_5	24426	20239	0,000998735	5235	5234	11.811.699.390.411.300	827	356	10.010.013.103.485.100	10899	11084	10.124.290.466.308.500	24446	20239	1.028.203.010.559.080	24445	20239	0.14399981498718262
500_500_2_2_5	48447	42667	0,000999689	4948	4863	10.764.888.763.427.700	1090	498	10.006.257.057.189.900	4493	4321	101.632.080.078.125	48459	42672	33.198.931.217.193.600	48459	42672	0.07699966430664062
500_500_2_3_5	70895	64706	0	4582	4711	1.167.104.959.487.910	785	195	10.007.752.180.099.400	3168	3242	10.139.929.294.586.100	70918	64710	6.679.589.033.126.830	70913	64705	0.15999865531921387
500_500_2_4_5	88929	82255	0	5246	5170	11.092.978.477.478.000	681	206	10.002.542.734.146.100	2607	2558	1.013.993.215.560.910	88937	82256	9.999.332.666.397.090	88931	82254	0.14803504943847656
500_500_2_5_5	109428	104567	0	5434	5246	11.421.096.324.920.600	797	326	10.002.561.569.213.800	2042	1978	10.155.560.970.306.300	109432	104570	1.567.078.685.760.490	109424	104569	0.11501479148864746
500_500_3_1_5	23197	21177	0	5895	5705	11.077.369.213.104.200	346	186	10.004.158.973.693.800	11793	11393	10.155.558.824.539.100	23333	21313	17.498.807.907.104.400	23333	21313	0.4230000972747803
500_500_3_2_5	45372	42512	0,015604496	5073	4883	11.483.580.350.875.800	286	136	1.000.999.927.520.750	4950	4760	10.139.933.347.702.000	45417	42557	4.765.322.208.404.540	45417	42557	0.08899903297424316
500_500_3_3_5	68317	64817	0	4704	4544	11.264.827.251.434.300	231	81	10.006.549.596.786.400	3123	3003	10.139.949.560.165.400	68573	65073	9.093.127.965.927.120	68573	65073	0.28101420402526855
500_500_3_4_5	87321	83241	0	6005	5825	10.780.515.909.194.900	264	114	10.013.904.571.533.200	2621	2531	10.139.917.135.238.600	87322	83242	13.577.199.459.075.900	87322	83242	0.04899907112121582
500_500_3_5_5	112612	108072	0	4845	4655	11.171.111.583.709.700	301	161	10.002.483.367.919.900	2428	2358	10.139.930.963.516.200	113028	108488	197.642.605.304.718	113024	108484	0.24700069427490234
500_500_4_1_5	21313	21313	0	5705	5705	11.749.197.483.062.700	5106	5106	10.011.432.886.123.600	12150	12150	10.202.433.347.702.000	21313	21313	0.12499189376831055	21313	21313	0.05100226402282715
500_500_4_2_5	42556	42556	0	4883	4883	10.843.008.995.056.100	3954	3954	10.014.892.339.706.400	4760	4760	10.139.933.586.120.600	42557	42557	0.9374358654022217	42557	42557	0.04096245765686035
500_500_4_3_5	65073	65073	0,00199914	4544	4544	11.499.215.841.293.300	3371	3371	10.004.496.335.983.200	3003	3003	10.139.949.798.583.900	65073	65073	2.593.574.047.088.620	65073	65073	0.04301738739013672
500_500_4_4_5	83242	83242	0	6123	6123	11.217.954.158.782.900	4505	4505	1.000.763.201.713.560	2531	2531	10.139.931.917.190.500	83242	83242	6.672.151.565.551.750	83242	83242	0.05699968338012695
500_500_4_5_5	108463	108463	0	4647	4647	11.264.800.071.716.300	3471	3471	10.000.609.159.469.600	2358	2358	10.155.577.659.606.900	108488	108488	13.038.509.607.315.000	108488	108488	0.05800175666809082
500_1000_1_1_5	121989	41395	0	9043	13350	1.115.548.849.105.830	8728	222	10.001.573.324.203.400	9043	13350	10.452.430.725.097.600	122093	41405	2.718.564.033.508.300	122093	41405	0.09800028800964355
500_1000_1_2_5	161534	84289	0	12406	10478	11.514.836.549.758.900	9189	271	10.004.727.840.423.500	5557	4937	10.264.907.121.658.300	161592	84330	8.336.809.396.743.770	161592	84330	0.08096504211425781
500_1000_1_3_5	204619	124432	0	9951	10226	1.143.012.285.232.540	9921	229	10.256.662.607.192.900	2956	1547	10.280.548.810.958.800	204633	124456	14.968.484.878.540.000	204633	124456	0.07300043106079102
500_1000_1_4_5	230673	171851	0	11711	9832	10.889.879.703.521.700	10132	239	10.002.655.506.134.000	3229	2637	10.280.543.088.912.900	230711	171920	24.383.489.847.183.200	230711	171920	0.0989995002746582
500_1000_1_5_5	252389	209559	0	8658	11575	11.233.610.391.616.800	9693	203	10.001.577.377.319.300	1534	1897	10.273.978.233.337.400	252403	209557	36.544.400.453.567.500	252403	209557	0.06396985054016113
500_1000_2_1_5	48867	41404	0	13720	13275	11.936.684.846.878.000	1509	593	1.002.598.524.093.620	13835	13350	10.389.914.274.215.600	48883	41406	2.031.108.856.201.170	48883	41406	0.10198163986206055
500_1000_2_2_5	96127	84334	0	10948	10836	10.780.517.339.706.400	1573	520	10.005.585.193.634.000	5178	4937	10.264.927.387.237.500	96131	84338	6.093.318.223.953.240	96131	84338	0.0639963150024414
500_1000_2_3_5	136673	124457	0,01560545	10031	10206	11.577.275.514.602.600	1537	576	10.003.603.219.985.900	1488	1547	10.264.928.102.493.200	136708	124460	11.639.829.158.782.900	136705	124458	0.22598671913146973
500_1000_2_4_5	182465	171922	0,001998425	9586	9617	11.061.726.093.292.200	1728	739	10.004.875.898.361.200	2670	2637	10.280.548.810.958.800	182466	171922	2.096.731.948.852.530	182465	171922	0.2469620704650879
500_1000_2_5_5	216990	209569	0,000998735	11833	12026	1.135.860.013.961.790	1846	783	100.030.038.356.781	1831	1897	10.264.922.142.028.800	217026	209570	31.054.725.408.554.000	217026	209569	0.09503030776977539
500_1000_3_1_5	44994	43004	0	12361	12171	11.108.585.834.503.100	439	279	10.007.948.875.427.200	12302	12112	10.264.928.817.749.000	45303	43313	3.390.373.706.817.620	45303	43313	0.1689624786376953
500_1000_3_2_5	86564	83654	0	11588	11398	11.405.472.993.850.700	375	225	10.002.432.584.762.500	5316	5226	10.249.299.764.633.100	86633	83723	9.811.833.381.652.830	86633	83723	0.15099811553955078
500_1000_3_3_5	132774	129264	0	9742	9572	11.202.363.014.221.100	333	183	1.000.751.519.203.180	1641	1581	10.264.928.579.330.400	132833	129323	18.514.363.527.297.900	132824	129314	0.10899972915649414
500_1000_3_4_5	174046	169986	0	12542	12352	10.889.884.948.730.400	507	367	10.001.792.430.877.600	2877	2837	10.264.925.479.888.900	174635	170575	2.723.972.487.449.640	174624	170574	0.23399901390075684
500_1000_3_5_5	221314	216774	0	9845	9655	11.139.868.974.685.600	391	251	10.005.980.968.475.300	1837	1807	10.280.548.334.121.700	222195	217655	39.169.187.784.194.900	222182	217642	0.22301483154296875
500_1000_4_1_5	43312	43312	0	12171	12171	1.171.795.105.934.140	10606	10606	10.019.044.399.261.400	12112	12112	10.249.281.167.984.000	43313	43313	0.23435711860656738	43313	43313	0.05299997329711914
500_1000_4_2_5	83721	83721	0	11398	11398	10.905.505.657.196.000	9954	9954	1.000.496.530.532.830	5226	5226	10.264.924.049.377.400	83723	83723	17.498.815.059.661.800	83723	83723	0.05699968338012695
500_1000_4_3_5	129321	129321	0,015609026	9477	9477	11.780.452.966.690.000	6371	6371	10.001.957.654.953.000	1581	1581	10.264.925.479.888.900	129323	129323	5.296.513.557.434.080	129323	129323	0.07699966430664062
500_1000_4_4_5	170571	170571	0,000999212	12297	12297	11.320.888.042.449.900	9505	9505	10.002.326.011.657.700	2837	2837	1.028.055.191.040.030	170575	170575	13.155.350.685.119.600	170575	170575	0.06299972534179688
500_1000_4_5_5	217629	217629	0	9619	9619	11.394.455.194.473.200	7066	7066	10.006.154.298.782.300	1807	1807	102.805.495.262.146	217655	217655	24.685.837.268.829.300	217655	217655	0.045011281967163086
																		
																		
