500
    1    34    37
    2     1     3
    3    29    25
    4    23    22
    5    19    15
    6    19    19
    7     5     4
    8     3     7
    9    27    26
   10    17    17
   11     6     7
   12    19    18
   13     3     3
   14    19    17
   15    40    44
   16    14    14
   17    12     8
   18    39    43
   19    38    38
   20    12    15
   21    16    20
   22    43    45
   23     6     5
   24    32    32
   25    39    38
   26    22    21
   27    38    35
   28    10    15
   29    38    33
   30    20    16
   31     2     3
   32    29    29
   33    30    27
   34    51    48
   35     4     1
   36    14    10
   37    32    29
   38    16    14
   39    20    21
   40     7     6
   41    22    26
   42    50    45
   43    27    31
   44    42    43
   45    13    10
   46     6     6
   47    33    29
   48     6     5
   49    40    38
   50    32    33
   51    20    22
   52     9    13
   53    55    50
   54     6    11
   55     8     4
   56    32    37
   57    37    34
   58     8     4
   59     7     3
   60    32    31
   61    20    24
   62    33    30
   63    10    13
   64    43    48
   65     1     1
   66    31    33
   67    45    42
   68    36    36
   69    17    19
   70    33    37
   71     7     3
   72    25    25
   73     5     1
   74    12     8
   75    35    31
   76    24    20
   77    30    30
   78     4     4
   79     6     4
   80    14    12
   81    31    27
   82    33    35
   83    25    28
   84    27    27
   85    46    49
   86    41    37
   87    43    39
   88    15    19
   89    19    23
   90    29    24
   91    51    48
   92    34    32
   93    27    24
   94    42    47
   95    34    37
   96    49    44
   97    17    16
   98    33    30
   99    38    43
  100     4     9
  101    35    36
  102    43    41
  103    27    23
  104    11     9
  105     1     2
  106    29    33
  107    15    12
  108    43    38
  109    15    20
  110    30    32
  111    11    14
  112    44    42
  113    13    18
  114    30    32
  115    44    44
  116     4     2
  117    17    16
  118    38    34
  119    26    22
  120    22    20
  121     5     7
  122    25    26
  123    14    11
  124     7     4
  125     5     2
  126     1     4
  127    47    47
  128    35    37
  129     4     8
  130    27    28
  131    25    25
  132    50    48
  133    12    12
  134    46    47
  135    41    46
  136     4     1
  137    31    34
  138     8    12
  139    12     9
  140    39    37
  141    26    24
  142    41    46
  143     3     2
  144    10    14
  145    17    12
  146    27    27
  147     2     1
  148    29    28
  149    42    46
  150    24    25
  151    11     8
  152     8    12
  153    42    47
  154    38    35
  155    34    39
  156     9    13
  157     8     5
  158    28    32
  159    53    49
  160     1     4
  161    30    26
  162    11     8
  163    17    19
  164    21    25
  165    17    14
  166    28    33
  167    22    20
  168    34    39
  169     1     1
  170    42    38
  171    27    32
  172    17    13
  173    10     8
  174    31    31
  175    34    38
  176    28    26
  177    12     9
  178    51    48
  179    22    17
  180     8     5
  181    22    24
  182    43    38
  183     6     1
  184    14    11
  185     7    12
  186    19    22
  187     2     5
  188    34    36
  189    23    27
  190    18    22
  191    51    47
  192     2     6
  193    21    23
  194    33    29
  195    47    48
  196    14    15
  197    25    23
  198    32    31
  199     7     6
  200    55    50
  201    34    38
  202    39    40
  203    16    20
  204     7     4
  205     7     4
  206    11    10
  207    39    39
  208    48    43
  209    38    40
  210    18    14
  211    45    47
  212     3     1
  213    26    28
  214    39    38
  215    38    33
  216    39    38
  217    18    21
  218     3     3
  219     1     2
  220    44    43
  221    28    25
  222     4     8
  223    25    20
  224    44    39
  225    30    29
  226    38    33
  227    49    44
  228    30    26
  229    25    28
  230    52    50
  231    34    32
  232     4     3
  233    30    28
  234     6     1
  235    51    48
  236     7    11
  237     7    10
  238     9    10
  239    24    28
  240     6     8
  241    44    46
  242    13    18
  243    13    10
  244     6     4
  245    20    15
  246    23    28
  247    38    39
  248    21    21
  249    47    43
  250    29    29
  251    38    40
  252    49    50
  253    20    22
  254     9    13
  255    29    26
  256    50    50
  257    49    45
  258    26    25
  259    46    42
  260     6     8
  261    12    10
  262    19    18
  263     5     2
  264    29    34
  265     6     8
  266    45    41
  267    16    13
  268    13    13
  269     5     4
  270    32    36
  271    41    39
  272    46    48
  273    47    47
  274    39    44
  275     7    10
  276    14    11
  277    11    16
  278    12     7
  279    38    38
  280     1     1
  281    29    32
  282     8    13
  283    27    26
  284    38    36
  285    10     5
  286     8     6
  287    11    14
  288    20    18
  289     9    12
  290     3     4
  291    16    19
  292    48    47
  293    53    49
  294     8    11
  295    37    36
  296    22    18
  297    14    11
  298    23    19
  299    10    11
  300    22    19
  301    52    47
  302    11     6
  303     6     7
  304    11     6
  305    43    48
  306    39    43
  307    15    14
  308    53    50
  309     4     3
  310    14    14
  311    18    13
  312     6     7
  313     5     1
  314    17    19
  315    44    47
  316     9    13
  317    11     8
  318    14    16
  319    30    27
  320    35    34
  321    39    41
  322    42    44
  323    50    45
  324    27    27
  325    42    42
  326    13    10
  327    14    13
  328    49    48
  329    43    45
  330     6     2
  331    41    39
  332    44    46
  333    36    38
  334    38    39
  335     6    11
  336    33    36
  337     4     8
  338     4     8
  339    23    21
  340    17    21
  341    54    50
  342    44    47
  343    46    49
  344     1     5
  345     1     5
  346    11    10
  347    38    43
  348    11    11
  349    51    46
  350     6     4
  351    11     9
  352    37    39
  353    44    39
  354    53    49
  355    54    49
  356     8    10
  357     9     6
  358    22    22
  359    42    46
  360    38    43
  361    13    15
  362    17    12
  363    50    48
  364    22    17
  365    29    27
  366    47    50
  367    30    34
  368    10     9
  369    51    46
  370    51    46
  371    26    29
  372    38    33
  373     1     1
  374    36    37
  375     7     5
  376    50    48
  377    23    24
  378    24    19
  379     9     7
  380    14    16
  381    24    28
  382    35    34
  383    11    13
  384    54    50
  385    38    38
  386    13    12
  387    32    34
  388    24    27
  389    12    13
  390     5     5
  391    25    26
  392     6     2
  393    17    14
  394    44    45
  395    21    25
  396    15    20
  397     2     1
  398     1     1
  399    20    15
  400    33    30
  401    51    47
  402     1     4
  403    16    15
  404    43    38
  405    30    33
  406    39    41
  407    34    31
  408    43    39
  409    29    33
  410     1     3
  411    35    30
  412    54    50
  413    41    44
  414     9    10
  415    21    18
  416    34    35
  417    15    16
  418     6     1
  419    49    45
  420    31    31
  421     1     2
  422    43    40
  423    20    22
  424    22    17
  425    14    13
  426    32    30
  427     6     7
  428    27    25
  429    25    21
  430    42    45
  431    33    38
  432    32    29
  433    30    35
  434     3     8
  435    42    42
  436     3     4
  437    35    31
  438    50    45
  439    27    25
  440     6    10
  441    39    39
  442     3     7
  443    29    31
  444    33    35
  445    36    40
  446    50    47
  447    32    30
  448    28    28
  449    36    32
  450    51    46
  451    41    46
  452    26    28
  453    36    34
  454    33    32
  455    20    21
  456    41    37
  457    41    44
  458    10     5
  459    39    44
  460     6     5
  461    41    44
  462    26    27
  463    21    20
  464    25    25
  465    28    27
  466    45    43
  467    11     9
  468    11     7
  469     8     7
  470    41    36
  471     6    11
  472    31    36
  473    37    41
  474    20    19
  475    15    19
  476    11     8
  477    53    50
  478     2     1
  479    22    22
  480    41    36
  481    49    44
  482    11    12
  483    13     8
  484    47    45
  485    21    18
  486     1     4
  487    30    31
  488    21    25
  489    10    12
  490    41    36
  491    22    20
  492    13    18
  493    32    36
  494    36    38
  495    37    32
  496    41    41
  497    22    22
  498    23    28
  499     8     7
  500    37    39
8222
