100
    1    34    37
    2     1     3
    3    29    25
    4    23    22
    5    19    15
    6    19    19
    7     5     4
    8     3     7
    9    27    26
   10    17    17
   11     6     7
   12    19    18
   13     3     3
   14    19    17
   15    40    44
   16    14    14
   17    12     8
   18    39    43
   19    38    38
   20    12    15
   21    16    20
   22    43    45
   23     6     5
   24    32    32
   25    39    38
   26    22    21
   27    38    35
   28    10    15
   29    38    33
   30    20    16
   31     2     3
   32    29    29
   33    30    27
   34    51    48
   35     4     1
   36    14    10
   37    32    29
   38    16    14
   39    20    21
   40     7     6
   41    22    26
   42    50    45
   43    27    31
   44    42    43
   45    13    10
   46     6     6
   47    33    29
   48     6     5
   49    40    38
   50    32    33
   51    20    22
   52     9    13
   53    55    50
   54     6    11
   55     8     4
   56    32    37
   57    37    34
   58     8     4
   59     7     3
   60    32    31
   61    20    24
   62    33    30
   63    10    13
   64    43    48
   65     1     1
   66    31    33
   67    45    42
   68    36    36
   69    17    19
   70    33    37
   71     7     3
   72    25    25
   73     5     1
   74    12     8
   75    35    31
   76    24    20
   77    30    30
   78     4     4
   79     6     4
   80    14    12
   81    31    27
   82    33    35
   83    25    28
   84    27    27
   85    46    49
   86    41    37
   87    43    39
   88    15    19
   89    19    23
   90    29    24
   91    51    48
   92    34    32
   93    27    24
   94    42    47
   95    34    37
   96    49    44
   97    17    16
   98    33    30
   99    38    43
  100     4     9
1576
