100
    1    95   218
    2   167   419
    3   177     5
    4   321   426
    5   222    15
    6   474   464
    7    22    28
    8   292   318
    9   307   260
   10   163   221
   11   364   410
   12   164   458
   13   220   203
   14   311    71
   15     4   267
   16   197    91
   17    27   272
   18   111   307
   19    59   224
   20   254    49
   21   446   164
   22   272    78
   23   237   447
   24   481   257
   25   446   319
   26   207   207
   27   433   401
   28    76   226
   29   111    60
   30   153   446
   31   398   380
   32   221   342
   33   489   246
   34   256   408
   35   244   303
   36    82   376
   37   350   155
   38   496   447
   39   155   179
   40   276   297
   41    69     2
   42   350   420
   43   114   165
   44   292   312
   45   195   182
   46   136   453
   47   105    40
   48   145   472
   49    45    50
   50   390   323
   51   256   337
   52   499    23
   53   208   316
   54   398   499
   55   269   287
   56   475    98
   57    27   480
   58    77   465
   59   133    71
   60   232   213
   61   325   455
   62    31    81
   63   282   434
   64   174   409
   65   327   442
   66   350    95
   67   246   211
   68     2   329
   69   473   287
   70    58   240
   71   186   460
   72   344   440
   73   270   105
   74   378   306
   75   279   158
   76   115   327
   77   267   433
   78   414   218
   79   477   475
   80   424   133
   81   364   292
   82    59   124
   83   210   433
   84    59   312
   85   262   356
   86   385   496
   87    91    50
   88   432   215
   89   329     9
   90   495   138
   91   155   271
   92   326    15
   93   458   199
   94   345    14
   95   297   363
   96    63   448
   97   314   328
   98   397   299
   99   381   443
  100   449   267
13391
