500
    1    56    55
    2    92    96
    3    86    46
    4    82    27
    5    67     8
    6    91    65
    7    19    81
    8    65    95
    9    12    93
   10    92    22
   11    41    95
   12     9    79
   13    41    96
   14   100    56
   15    41    28
   16    94    28
   17    24    45
   18    84    88
   19    32    61
   20    39    90
   21    39    77
   22    85    11
   23    42    56
   24    58    14
   25    35    56
   26    52    36
   27    90    78
   28     5    95
   29    36     5
   30    70    87
   31    35    33
   32    78     7
   33    54     7
   34    45    89
   35    57   100
   36    11    37
   37    15    12
   38     1    80
   39    60    56
   40     5     6
   41    78    51
   42    79    77
   43    71    90
   44    89    73
   45    20    39
   46    61    58
   47    66     9
   48     6    29
   49    78    19
   50    51    52
   51    73     6
   52    84    12
   53    41    93
   54    43    24
   55     6    20
   56    80    75
   57    68    89
   58    46    42
   59    94    44
   60    57    58
   61    74    92
   62    20    78
   63    23    99
   64    87    86
   65    72    51
   66    55    72
   67    67    64
   68    23    50
   69    14    60
   70    51    33
   71    39    45
   72    13     9
   73    15    98
   74    63    11
   75    12     3
   76    88    12
   77    28    26
   78    59    91
   79    54    32
   80    37    82
   81    29    53
   82    60    45
   83    19    30
   84    92    41
   85    35    33
   86    18    85
   87    40    19
   88     9    16
   89    22    30
   90    36    11
   91   100    32
   92    55    48
   93    67    48
   94    82    71
   95    66    20
   96    60    33
   97    59     5
   98    34    52
   99    90    44
  100     6    44
  101    90    97
  102    91    36
  103    40    38
  104    43    16
  105    13    49
  106    57     2
  107    24    87
  108    46    54
  109   100    50
  110    62     1
  111    47    74
  112    48    59
  113    31    45
  114    65    37
  115    16    89
  116    79    62
  117    17    71
  118    39    29
  119    12     9
  120     9    52
  121    95    99
  122     4    56
  123    48    95
  124     1     6
  125    77    73
  126    66    14
  127    22    23
  128    76    43
  129    85     6
  130    86    35
  131   100    45
  132     1    81
  133    98    58
  134    60    68
  135    91    36
  136    29    18
  137     2    49
  138     3    14
  139    53    17
  140    11     4
  141    84    51
  142    94    24
  143     7    87
  144    41    27
  145    74     1
  146    40    46
  147    31    10
  148    29    83
  149    34    96
  150    60    98
  151    94    73
  152    92    64
  153     1    81
  154    41    72
  155    58    81
  156    82    48
  157    47    50
  158    43    47
  159    73    45
  160    39    41
  161    20     9
  162     3    66
  163    84    90
  164    55    85
  165    50    73
  166    99    86
  167    65    70
  168    38    87
  169    72    97
  170    99    93
  171    24    94
  172    52    25
  173    36    24
  174    64    33
  175     1    54
  176    94    94
  177     5    74
  178    20     1
  179    76    54
  180    58    91
  181    69    99
  182    59    48
  183    31    96
  184    19    80
  185    63    44
  186    75    17
  187    31    58
  188    46    85
  189    97    75
  190    21    25
  191    74    22
  192    77    86
  193    71    84
  194    34    88
  195    58    45
  196     3    97
  197    82    83
  198    66    33
  199    28    50
  200    26    57
  201    42    46
  202    87    68
  203    90    54
  204    96    98
  205    16    10
  206    46    16
  207    89    80
  208    57     5
  209    68    75
  210    21    21
  211    79    52
  212    75    87
  213    27    78
  214    87     4
  215    85    85
  216    96    67
  217    77    64
  218    67    67
  219    85    29
  220    21    98
  221    95    33
  222    36   100
  223    77    57
  224    66    31
  225    78    67
  226    21    67
  227    50    51
  228    43    17
  229    18    71
  230    42    74
  231    90    85
  232     9    38
  233    44    40
  234    57    46
  235    49    41
  236    18    11
  237    68    69
  238    54    41
  239    51    52
  240   100    72
  241    47    53
  242    47     7
  243    16    53
  244    30    19
  245    73    62
  246    64     6
  247    74     5
  248     9    77
  249    39    68
  250    19    20
  251    46    26
  252    43    54
  253    22    16
  254    48    57
  255    54    31
  256    15    88
  257    69    80
  258    86    32
  259    40    43
  260    26    76
  261     7    71
  262     8    81
  263    17    38
  264    15    62
  265    86    15
  266    20    81
  267    35    46
  268     4    67
  269    49   100
  270    87    19
  271     7    43
  272    66    47
  273    54    15
  274    38     2
  275    19     1
  276     1    82
  277    64    34
  278    98    34
  279    37    72
  280    64    84
  281    85    84
  282    97    30
  283    89    55
  284    57    82
  285     4    12
  286    94    40
  287    70    67
  288    70    12
  289    57    28
  290    44    82
  291    52    50
  292    33    51
  293     3    12
  294    55    13
  295    11    98
  296    44    10
  297    16    14
  298    72    70
  299    15     9
  300    29    31
  301    81    64
  302    93     2
  303    58    33
  304    95    93
  305    61    71
  306     7    95
  307    72    83
  308    50    81
  309     2    63
  310    37    55
  311    54    37
  312    31    82
  313    32    22
  314    19    73
  315    98    69
  316     9    98
  317    95    56
  318    88    33
  319    59    38
  320    65    12
  321    52     2
  322    71    14
  323    19    95
  324    34    34
  325    20    57
  326    58    19
  327    27    69
  328    89    86
  329    55    21
  330    81    24
  331     5    43
  332    97    75
  333    82    40
  334    52    92
  335    98    25
  336    95    51
  337    61    94
  338    40    94
  339    80    40
  340    79    99
  341    73    77
  342    30    14
  343    49    41
  344    73     4
  345    26    96
  346    87    74
  347    37    83
  348    89    93
  349    94    73
  350    56     3
  351    95    20
  352    59    60
  353    75     8
  354     3     4
  355    60    60
  356    90     4
  357    69    71
  358    87    91
  359    41     6
  360    32    18
  361    81    65
  362    96    40
  363    45    12
  364     4    90
  365    87    25
  366    88    11
  367    93    32
  368    31    16
  369    76    55
  370    51    38
  371    34    31
  372    39    45
  373    24    75
  374    51    10
  375    82    64
  376     2    97
  377    13    98
  378    44    17
  379    58    43
  380    88     4
  381     1    18
  382    85    51
  383    40    52
  384    60    27
  385    67    63
  386    48    51
  387    50    75
  388    58    86
  389    62    45
  390    57   100
  391     2    50
  392    79    17
  393    88    58
  394     7    42
  395    43    32
  396    95    29
  397    84    31
  398    53    63
  399    70    38
  400    97    89
  401    80    48
  402    50    37
  403    49    89
  404    30    51
  405    31    98
  406    34    88
  407    77     5
  408    27    78
  409    91    58
  410     6    78
  411    97    70
  412    73    43
  413    96    44
  414     3     4
  415    44    79
  416     4    18
  417     3    90
  418    26   100
  419    91    56
  420    28    99
  421    83    17
  422    36    10
  423    40    33
  424    97     3
  425    15    80
  426    84    49
  427    88    74
  428    28    83
  429    49    14
  430    16    85
  431    96    34
  432    47    61
  433   100    21
  434    75    88
  435    23    14
  436    52    76
  437    78     1
  438    85    67
  439    42    13
  440    30     6
  441    78    73
  442     1    56
  443    43    63
  444    18    17
  445    91    27
  446    82    39
  447    86    36
  448    59    44
  449    75    58
  450    74    90
  451    82    56
  452    74    85
  453    36    36
  454    89    71
  455    60    10
  456    90    70
  457    42    42
  458     1    74
  459    14    47
  460    93     9
  461    38    65
  462    20    25
  463    89    25
  464    88     2
  465    32    80
  466    33    41
  467    83    94
  468    50    85
  469    17    86
  470    74    89
  471    26    24
  472    88    78
  473    57    50
  474    33    75
  475    66    47
  476    31     3
  477    26    30
  478    62    16
  479    74    28
  480    45    90
  481    11    43
  482    98    98
  483    51    31
  484    11    37
  485    61    41
  486    10    25
  487    87    82
  488    34     8
  489    53    21
  490    28    84
  491    43    98
  492    12    39
  493    83    44
  494    44    19
  495    17    66
  496     3    22
  497    16     7
  498    88    76
  499    97    36
  500     6     2
21153
