500
    1     6     5
    2    42    46
    3    36    46
    4    32    27
    5    17     8
    6    41    15
    7    19    31
    8    15    45
    9    12    43
   10    42    22
   11    41    45
   12     9    29
   13    41    46
   14    50     6
   15    41    28
   16    44    28
   17    24    45
   18    34    38
   19    32    11
   20    39    40
   21    39    27
   22    35    11
   23    42     6
   24     8    14
   25    35     6
   26     2    36
   27    40    28
   28     5    45
   29    36     5
   30    20    37
   31    35    33
   32    28     7
   33     4     7
   34    45    39
   35     7    50
   36    11    37
   37    15    12
   38     1    30
   39    10     6
   40     5     6
   41    28     1
   42    29    27
   43    21    40
   44    39    23
   45    20    39
   46    11     8
   47    16     9
   48     6    29
   49    28    19
   50     1     2
   51    23     6
   52    34    12
   53    41    43
   54    43    24
   55     6    20
   56    30    25
   57    18    39
   58    46    42
   59    44    44
   60     7     8
   61    24    42
   62    20    28
   63    23    49
   64    37    36
   65    22     1
   66     5    22
   67    17    14
   68    23    50
   69    14    10
   70     1    33
   71    39    45
   72    13     9
   73    15    48
   74    13    11
   75    12     3
   76    38    12
   77    28    26
   78     9    41
   79     4    32
   80    37    32
   81    29     3
   82    10    45
   83    19    30
   84    42    41
   85    35    33
   86    18    35
   87    40    19
   88     9    16
   89    22    30
   90    36    11
   91    50    32
   92     5    48
   93    17    48
   94    32    21
   95    16    20
   96    10    33
   97     9     5
   98    34     2
   99    40    44
  100     6    44
  101    40    47
  102    41    36
  103    40    38
  104    43    16
  105    13    49
  106     7     2
  107    24    37
  108    46     4
  109    50    50
  110    12     1
  111    47    24
  112    48     9
  113    31    45
  114    15    37
  115    16    39
  116    29    12
  117    17    21
  118    39    29
  119    12     9
  120     9     2
  121    45    49
  122     4     6
  123    48    45
  124     1     6
  125    27    23
  126    16    14
  127    22    23
  128    26    43
  129    35     6
  130    36    35
  131    50    45
  132     1    31
  133    48     8
  134    10    18
  135    41    36
  136    29    18
  137     2    49
  138     3    14
  139     3    17
  140    11     4
  141    34     1
  142    44    24
  143     7    37
  144    41    27
  145    24     1
  146    40    46
  147    31    10
  148    29    33
  149    34    46
  150    10    48
  151    44    23
  152    42    14
  153     1    31
  154    41    22
  155     8    31
  156    32    48
  157    47    50
  158    43    47
  159    23    45
  160    39    41
  161    20     9
  162     3    16
  163    34    40
  164     5    35
  165    50    23
  166    49    36
  167    15    20
  168    38    37
  169    22    47
  170    49    43
  171    24    44
  172     2    25
  173    36    24
  174    14    33
  175     1     4
  176    44    44
  177     5    24
  178    20     1
  179    26     4
  180     8    41
  181    19    49
  182     9    48
  183    31    46
  184    19    30
  185    13    44
  186    25    17
  187    31     8
  188    46    35
  189    47    25
  190    21    25
  191    24    22
  192    27    36
  193    21    34
  194    34    38
  195     8    45
  196     3    47
  197    32    33
  198    16    33
  199    28    50
  200    26     7
  201    42    46
  202    37    18
  203    40     4
  204    46    48
  205    16    10
  206    46    16
  207    39    30
  208     7     5
  209    18    25
  210    21    21
  211    29     2
  212    25    37
  213    27    28
  214    37     4
  215    35    35
  216    46    17
  217    27    14
  218    17    17
  219    35    29
  220    21    48
  221    45    33
  222    36    50
  223    27     7
  224    16    31
  225    28    17
  226    21    17
  227    50     1
  228    43    17
  229    18    21
  230    42    24
  231    40    35
  232     9    38
  233    44    40
  234     7    46
  235    49    41
  236    18    11
  237    18    19
  238     4    41
  239     1     2
  240    50    22
  241    47     3
  242    47     7
  243    16     3
  244    30    19
  245    23    12
  246    14     6
  247    24     5
  248     9    27
  249    39    18
  250    19    20
  251    46    26
  252    43     4
  253    22    16
  254    48     7
  255     4    31
  256    15    38
  257    19    30
  258    36    32
  259    40    43
  260    26    26
  261     7    21
  262     8    31
  263    17    38
  264    15    12
  265    36    15
  266    20    31
  267    35    46
  268     4    17
  269    49    50
  270    37    19
  271     7    43
  272    16    47
  273     4    15
  274    38     2
  275    19     1
  276     1    32
  277    14    34
  278    48    34
  279    37    22
  280    14    34
  281    35    34
  282    47    30
  283    39     5
  284     7    32
  285     4    12
  286    44    40
  287    20    17
  288    20    12
  289     7    28
  290    44    32
  291     2    50
  292    33     1
  293     3    12
  294     5    13
  295    11    48
  296    44    10
  297    16    14
  298    22    20
  299    15     9
  300    29    31
  301    31    14
  302    43     2
  303     8    33
  304    45    43
  305    11    21
  306     7    45
  307    22    33
  308    50    31
  309     2    13
  310    37     5
  311     4    37
  312    31    32
  313    32    22
  314    19    23
  315    48    19
  316     9    48
  317    45     6
  318    38    33
  319     9    38
  320    15    12
  321     2     2
  322    21    14
  323    19    45
  324    34    34
  325    20     7
  326     8    19
  327    27    19
  328    39    36
  329     5    21
  330    31    24
  331     5    43
  332    47    25
  333    32    40
  334     2    42
  335    48    25
  336    45     1
  337    11    44
  338    40    44
  339    30    40
  340    29    49
  341    23    27
  342    30    14
  343    49    41
  344    23     4
  345    26    46
  346    37    24
  347    37    33
  348    39    43
  349    44    23
  350     6     3
  351    45    20
  352     9    10
  353    25     8
  354     3     4
  355    10    10
  356    40     4
  357    19    21
  358    37    41
  359    41     6
  360    32    18
  361    31    15
  362    46    40
  363    45    12
  364     4    40
  365    37    25
  366    38    11
  367    43    32
  368    31    16
  369    26     5
  370     1    38
  371    34    31
  372    39    45
  373    24    25
  374     1    10
  375    32    14
  376     2    47
  377    13    48
  378    44    17
  379     8    43
  380    38     4
  381     1    18
  382    35     1
  383    40     2
  384    10    27
  385    17    13
  386    48     1
  387    50    25
  388     8    36
  389    12    45
  390     7    50
  391     2    50
  392    29    17
  393    38     8
  394     7    42
  395    43    32
  396    45    29
  397    34    31
  398     3    13
  399    20    38
  400    47    39
  401    30    48
  402    50    37
  403    49    39
  404    30     1
  405    31    48
  406    34    38
  407    27     5
  408    27    28
  409    41     8
  410     6    28
  411    47    20
  412    23    43
  413    46    44
  414     3     4
  415    44    29
  416     4    18
  417     3    40
  418    26    50
  419    41     6
  420    28    49
  421    33    17
  422    36    10
  423    40    33
  424    47     3
  425    15    30
  426    34    49
  427    38    24
  428    28    33
  429    49    14
  430    16    35
  431    46    34
  432    47    11
  433    50    21
  434    25    38
  435    23    14
  436     2    26
  437    28     1
  438    35    17
  439    42    13
  440    30     6
  441    28    23
  442     1     6
  443    43    13
  444    18    17
  445    41    27
  446    32    39
  447    36    36
  448     9    44
  449    25     8
  450    24    40
  451    32     6
  452    24    35
  453    36    36
  454    39    21
  455    10    10
  456    40    20
  457    42    42
  458     1    24
  459    14    47
  460    43     9
  461    38    15
  462    20    25
  463    39    25
  464    38     2
  465    32    30
  466    33    41
  467    33    44
  468    50    35
  469    17    36
  470    24    39
  471    26    24
  472    38    28
  473     7    50
  474    33    25
  475    16    47
  476    31     3
  477    26    30
  478    12    16
  479    24    28
  480    45    40
  481    11    43
  482    48    48
  483     1    31
  484    11    37
  485    11    41
  486    10    25
  487    37    32
  488    34     8
  489     3    21
  490    28    34
  491    43    48
  492    12    39
  493    33    44
  494    44    19
  495    17    16
  496     3    22
  497    16     7
  498    38    26
  499    47    36
  500     6     2
10820
