500
    1   280   218
    2   408   419
    3     1     5
    4   382   426
    5     1    15
    6   416   464
    7   484   528
    8   837   818
    9   802   760
   10   622   721
   11   953   910
   12   358   458
   13   738   703
   14   561   571
   15   842   767
   16    10    91
   17   288   272
   18   835   807
   19   690   724
   20   525   549
   21   763   664
   22     6    78
   23   365   447
   24   715   757
   25   260   319
   26   115   207
   27   962   901
   28   795   726
   29   595   560
   30   409   446
   31   428   380
   32   870   842
   33   157   246
   34   832   908
   35   303   303
   36   410   376
   37   579   655
   38   854   947
   39   675   679
   40   778   797
   41    25     2
   42   829   920
   43   749   665
   44   843   812
   45   723   682
   46   943   953
   47   463   540
   48   480   472
   49   110    50
   50   843   823
   51   429   337
   52     1    23
   53   802   816
   54   493   499
   55   705   787
   56   568   598
   57  1003   980
   58   472   465
   59    63    71
   60   616   713
   61   484   455
   62     7    81
   63   365   434
   64   450   409
   65   875   942
   66   524   595
   67   669   711
   68   847   829
   69   362   287
   70   153   240
   71   906   960
   72   935   940
   73    31   105
   74   729   806
   75   605   658
   76   250   327
   77   841   933
   78   308   218
   79   470   475
   80   699   633
   81   773   792
   82   120   124
   83   978   933
   84   315   312
   85   928   856
   86   587   496
   87   119    50
   88   802   715
   89   446   509
   90    95   138
   91   358   271
   92   579   515
   93   258   199
   94     1    14
   95   269   363
   96   901   948
   97   733   828
   98   777   799
   99   906   943
  100   250   267
  101   518   584
  102   488   439
  103   456   509
  104    31   103
  105   363   356
  106   613   665
  107   264   338
  108   332   321
  109   214   281
  110   618   564
  111   167   245
  112   895   934
  113   461   484
  114   719   728
  115  1092  1000
  116   767   841
  117   168   170
  118   513   440
  119   834   836
  120   899   979
  121   457   522
  122   252   287
  123   814   726
  124   893   909
  125   309   232
  126   498   501
  127   371   278
  128   119   130
  129   450   517
  130   466   522
  131     4     4
  132    83    24
  133   195   257
  134   769   727
  135   447   355
  136   512   485
  137   513   420
  138     1     9
  139  1013  1000
  140   892   971
  141   716   806
  142   819   767
  143   393   410
  144   566   510
  145   388   324
  146   312   409
  147   659   593
  148   964   874
  149   115   203
  150   786   753
  151   421   352
  152  1049   951
  153   577   612
  154    54    99
  155   561   596
  156     1    79
  157   359   361
  158   191   118
  159   115    52
  160     1    68
  161   269   252
  162   289   249
  163   459   449
  164   763   764
  165   640   548
  166   827   881
  167    35    77
  168  1032   998
  169   956   896
  170   972   984
  171   773   677
  172   442   508
  173   313   283
  174   302   236
  175   462   521
  176    78    65
  177   938   937
  178   187    96
  179   171    81
  180   877   826
  181   370   350
  182   703   627
  183   373   415
  184   418   343
  185   337   371
  186   547   628
  187   661   753
  188   907   888
  189  1014   978
  190   556   520
  191   275   373
  192    68    25
  193   484   463
  194   394   479
  195   786   860
  196   351   440
  197   400   454
  198   178   236
  199   868   961
  200     1    52
  201   522   537
  202   507   411
  203   419   385
  204   600   501
  205   623   689
  206   389   403
  207   111    99
  208   196   288
  209   955   906
  210   714   708
  211   874   943
  212   705   714
  213   564   585
  214   186   263
  215   835   888
  216   567   610
  217   246   287
  218   729   746
  219   341   284
  220   411   489
  221    62   116
  222   205   115
  223   461   384
  224   156   154
  225   322   398
  226   408   498
  227   396   438
  228   523   436
  229   488   586
  230   788   825
  231   958   872
  232   228   277
  233   868   815
  234   223   157
  235   169   156
  236   280   302
  237   976   952
  238   561   588
  239   938   903
  240   356   451
  241    41    32
  242   619   638
  243   655   676
  244   713   682
  245   540   477
  246   383   341
  247  1017   980
  248   517   464
  249   322   319
  250   284   239
  251   342   245
  252   363   345
  253   303   327
  254   870   968
  255   424   422
  256   879   919
  257   800   819
  258    83    19
  259   600   542
  260     1    39
  261   568   558
  262   865   848
  263   342   265
  264   519   505
  265    97     2
  266   592   500
  267   371   389
  268   210   158
  269  1039   999
  270   267   262
  271   398   342
  272    81    42
  273   673   578
  274    46    85
  275    25   120
  276   749   841
  277   573   505
  278   101   181
  279     1     3
  280    79    11
  281   932   979
  282   387   305
  283   288   198
  284   471   497
  285   779   699
  286    74    79
  287   187   254
  288   344   415
  289   289   203
  290     1    33
  291   925   997
  292   711   642
  293   127   195
  294   120   216
  295   198   165
  296   810   825
  297   744   801
  298   229   161
  299   364   412
  300   852   806
  301   389   431
  302   883   809
  303   750   688
  304   352   428
  305     1    26
  306   160    98
  307   573   538
  308    43   120
  309   549   550
  310   968   966
  311   533   580
  312   296   233
  313   876   973
  314   831   864
  315   542   516
  316   677   729
  317   265   351
  318   593   600
  319   319   417
  320   798   755
  321   512   489
  322   234   173
  323   768   794
  324   548   621
  325   327   328
  326   137   194
  327   870   964
  328   380   301
  329   603   668
  330   753   779
  331   900   826
  332   234   326
  333   368   335
  334   470   487
  335   632   588
  336   422   514
  337    77    21
  338     1    21
  339   604   595
  340   338   342
  341    46   124
  342   758   689
  343   533   464
  344   444   507
  345  1002   915
  346    26    45
  347   319   402
  348   640   728
  349    88    20
  350   226   306
  351   880   799
  352   327   411
  353   981   979
  354   527   495
  355     1    31
  356   133   215
  357   498   542
  358    28    62
  359   471   493
  360   473   469
  361   257   172
  362   285   283
  363   862   783
  364   512   445
  365  1028   928
  366   106   190
  367   784   835
  368   146   211
  369     1    46
  370    79    53
  371   908   834
  372   403   428
  373   521   434
  374   262   165
  375   461   447
  376  1039  1000
  377   767   741
  378   288   320
  379    79    78
  380   473   527
  381   119   137
  382   920   910
  383    90   167
  384   287   382
  385   541   506
  386   971   974
  387   884   802
  388   402   377
  389   610   588
  390   721   819
  391   281   193
  392   607   688
  393   289   369
  394   925   857
  395   607   619
  396   226   212
  397    76   162
  398   229   230
  399   249   293
  400   577   672
  401   236   139
  402   104   172
  403   907   832
  404   522   434
  405   878   969
  406   481   387
  407   950   856
  408   117   209
  409   490   517
  410   818   729
  411   154    81
  412   252   166
  413  1014   935
  414   717   715
  415   434   458
  416   730   661
  417   936   941
  418   504   411
  419   895   835
  420   363   370
  421  1082   988
  422   189   177
  423   594   520
  424   776   830
  425   488   555
  426   221   204
  427   570   541
  428   463   466
  429     1    37
  430   934   904
  431   245   241
  432   637   704
  433   755   756
  434   948   919
  435    76    77
  436   477   431
  437   565   568
  438   226   322
  439   337   428
  440   765   813
  441   285   296
  442   527   567
  443   921   898
  444     1    44
  445     9    46
  446   941   946
  447   761   823
  448   901   911
  449   501   405
  450   410   493
  451   425   435
  452   280   372
  453  1029   939
  454   877   794
  455   760   841
  456   593   497
  457   629   545
  458   156   229
  459   216   134
  460   681   600
  461   517   616
  462     1    28
  463   860   816
  464   527   549
  465   417   483
  466   288   344
  467   247   225
  468   619   628
  469   547   529
  470   711   692
  471   431   507
  472   774   701
  473   622   625
  474  1041   962
  475   844   898
  476   908   914
  477    89    69
  478   538   579
  479     1    15
  480   179   181
  481   864   954
  482   978   933
  483   147   186
  484   836   844
  485   672   588
  486   736   676
  487   774   789
  488   522   543
  489   287   196
  490  1069   995
  491   332   349
  492   266   198
  493   195   219
  494   285   258
  495   204   297
  496   412   453
  497   322   230
  498   646   687
  499   280   379
  500   448   377
124460
