500
    1   771   937
    2   876   253
    3   877   675
    4   705   772
    5   991   165
    6   782   219
    7   271   254
    8   633   957
    9   460   326
   10   832   867
   11   148   357
   12   336    68
   13   680    53
   14   559   317
   15   268    94
   16   449   214
   17   179   958
   18    47   593
   19   896   938
   20   951   815
   21   543   470
   22   532   545
   23   689   205
   24   173   232
   25   390   638
   26   180   921
   27   861    35
   28   837   665
   29   623   183
   30    62    16
   31   570   803
   32    45   829
   33   817   477
   34   300   598
   35   601   301
   36    42   210
   37   286    29
   38   348   614
   39   908   821
   40   241   856
   41    73   576
   42   115   195
   43   743   831
   44   344   543
   45   104   960
   46    48   756
   47   586   979
   48   530   155
   49   266   488
   50   367   633
   51   364   272
   52   592   313
   53   928   750
   54   266    61
   55   937   154
   56   823   337
   57   248   234
   58   961   604
   59   709   453
   60   144   931
   61   645   974
   62   771   180
   63   703   513
   64    27   948
   65   304   901
   66   498   533
   67   510   342
   68   363   936
   69   394   669
   70   259   787
   71   158   903
   72   828   175
   73   542   351
   74   371   408
   75   996   281
   76    47   370
   77   947   980
   78   586   404
   79   965   754
   80   285   612
   81  1000   927
   82   163   935
   83   619    28
   84   975   627
   85   302   599
   86   706   187
   87   111    89
   88   420   669
   89    25   523
   90   220   124
   91   527   398
   92   795   782
   93   263   774
   94   418   897
   95    81   337
   96   308   494
   97   590   866
   98   965   530
   99   886   893
  100   274   109
  101   954   886
  102   411   641
  103   824   723
  104    83   809
  105   876   602
  106   952   483
  107   739   512
  108   526   588
  109   939   120
  110   222   182
  111   591   364
  112   971   392
  113    79   618
  114   805   882
  115   379   294
  116   542   452
  117    40   616
  118    10   434
  119    83   722
  120   308    70
  121   339   657
  122   676   426
  123   827   861
  124   124   504
  125   109   502
  126   842   704
  127    90   197
  128   527   837
  129    29   508
  130   142    28
  131   392    75
  132   944    98
  133   901   712
  134   948   297
  135   327   146
  136   605   551
  137   554    34
  138   707   212
  139   636   559
  140   131   837
  141   807   124
  142   922   746
  143   815   552
  144   421    64
  145   221   162
  146   420   227
  147   502   551
  148   788    28
  149   718   546
  150   276    75
  151   574   358
  152   808   762
  153   237   347
  154   729   485
  155   442   939
  156   125   713
  157   663   455
  158   426    32
  159   865   499
  160   878   454
  161    68   826
  162   707   708
  163   867   119
  164   582   375
  165   718   514
  166    30   883
  167   316    20
  168   353   289
  169   599   351
  170   450   138
  171   136   532
  172   775   463
  173   383   458
  174   807    31
  175   412   888
  176   713   876
  177    76   959
  178   271   898
  179   131   367
  180    66   805
  181    88   924
  182   223    38
  183   910   101
  184   478   961
  185   550   762
  186    43   222
  187   938   655
  188   733   386
  189   741   177
  190   124   522
  191   118   147
  192   161   156
  193   843   773
  194   389   929
  195   449   898
  196   411   715
  197   746   973
  198   929   431
  199   584   256
  200   257   750
  201   133   888
  202   503   390
  203   893   320
  204   795   504
  205   787   504
  206   710   710
  207   936   289
  208   481   843
  209   243   840
  210   520   814
  211   946   797
  212   638   701
  213   422   328
  214   474   938
  215   981   783
  216   568   588
  217   680   621
  218   898   453
  219   581   402
  220   372   443
  221   487   875
  222   352   558
  223   273   670
  224    70   589
  225   770   629
  226   133   133
  227   961   444
  228   359   526
  229   482   128
  230   326   700
  231   153   782
  232   556   503
  233   795   278
  234   577   951
  235   213   698
  236   510   961
  237   276   110
  238   254   110
  239   939   478
  240   660   358
  241   834   846
  242   526   968
  243   795   410
  244   473   204
  245   121   515
  246   367   928
  247   673   739
  248   132   771
  249   802   293
  250   399   129
  251   913   340
  252   691   700
  253   693   822
  254   804   963
  255   938   876
  256   262   450
  257   449   745
  258   289   125
  259   956   292
  260   842    58
  261   894   460
  262   899   818
  263   665   752
  264   155   284
  265   874   808
  266   776   191
  267    63   163
  268   688   513
  269    48   454
  270   222   936
  271   427   789
  272   794   148
  273   921   497
  274   698   544
  275   575   510
  276   892    11
  277   319   616
  278   694   607
  279   684   138
  280   324   901
  281   645   482
  282    16   163
  283   392    76
  284   904   636
  285   856   505
  286   313   706
  287    49   764
  288   570    18
  289   136   162
  290   483   604
  291   856   419
  292   644   197
  293   167   849
  294   866   211
  295   207   236
  296   972   668
  297   240   511
  298   436   419
  299   602   211
  300   864   769
  301   409   797
  302   864   756
  303   241   407
  304   523   806
  305   369    48
  306   202    93
  307   244    64
  308   510   850
  309   442    53
  310   869   464
  311   157   363
  312   343   907
  313   471   451
  314   959    19
  315    33   947
  316   717   963
  317   358   758
  318   200   866
  319   839   527
  320   880   734
  321    23   991
  322   634   144
  323   598   145
  324   765   927
  325   156   542
  326    82    60
  327   483   963
  328   544   248
  329   518   395
  330   533   902
  331   832   289
  332   281   696
  333   573   838
  334   819   489
  335   646   411
  336   935   836
  337   448   508
  338   808     8
  339   747   321
  340   687   921
  341   712   450
  342   765   747
  343    52   599
  344   437     5
  345   506   105
  346   338   960
  347    44   593
  348    32    11
  349    97   146
  350   423     4
  351   210   109
  352   298   989
  353   439   889
  354   846    49
  355   303   149
  356   918   610
  357   780   156
  358   731   272
  359   189   396
  360   880   143
  361    21   115
  362   291   662
  363   288   998
  364   560   767
  365   782   127
  366   616   800
  367   880   634
  368   806   709
  369   576   396
  370   490   496
  371   141   929
  372   607   783
  373   371   801
  374   311   487
  375   113     5
  376   206   498
  377   412   924
  378   235   819
  379   433   157
  380   763   266
  381   768   928
  382   640   984
  383   484   413
  384   783   800
  385     7   688
  386   143   312
  387   490   184
  388   837   627
  389   825   763
  390   117   605
  391   709   976
  392   515   202
  393   500   464
  394   159   595
  395    11    25
  396   270   870
  397    27   201
  398   437     1
  399   745   915
  400   521   530
  401   207   497
  402   914   654
  403    41   415
  404   206   588
  405   194   583
  406   761   141
  407   821    31
  408   634   739
  409   383   683
  410   913     3
  411   889   480
  412   421   600
  413   251   494
  414   370   910
  415   268   568
  416   447   735
  417   510   116
  418   230   301
  419   183   145
  420   972   381
  421   674   602
  422   936   140
  423   915   822
  424   240   817
  425   602   513
  426   855   430
  427    31   707
  428   852   725
  429   188   771
  430   555   395
  431    72   688
  432    14   779
  433   695   435
  434   199   658
  435   591   292
  436   724   554
  437   141   231
  438   133   445
  439   878   675
  440   225   560
  441   458   439
  442   676    57
  443   410   481
  444    46   735
  445   874   940
  446   405   597
  447   322   830
  448   266   778
  449   926   332
  450   697   896
  451   981   546
  452   890   678
  453   175   834
  454   148   532
  455   872   271
  456   505   587
  457   865   744
  458   181   255
  459   854   244
  460   344   355
  461   969   694
  462   595   727
  463    45    70
  464   215   575
  465   959   977
  466   377   643
  467    31   159
  468   753   407
  469   453   607
  470   234   486
  471    21   561
  472   428   536
  473   653   791
  474   869   669
  475   350   969
  476   526   508
  477   173   300
  478   465   101
  479   646    22
  480   737   536
  481   486   544
  482    42   712
  483   527   808
  484   231   495
  485   657    18
  486   562   254
  487   643   931
  488   485   225
  489   728   762
  490   664   286
  491   950   620
  492   828   968
  493    91   186
  494   628   188
  495   232   832
  496   659   191
  497   263   772
  498   736   978
  499   433   857
  500   374   739
171922
