100
    1    21    18
    2    16    19
    3     4     5
    4    22    26
    5    10    15
    6    15    14
    7    31    28
    8    20    18
    9    11    10
   10    19    21
   11    11    10
   12     7     8
   13     1     3
   14    24    21
   15    17    17
   16    39    41
   17    24    22
   18     5     7
   19    21    24
   20    46    49
   21    16    14
   22    28    28
   23    44    47
   24     3     7
   25    16    19
   26    12     7
   27     2     1
   28    30    26
   29    15    10
   30    51    46
   31    30    30
   32    43    42
   33    41    46
   34    11     8
   35     7     3
   36    23    26
   37     1     5
   38    42    47
   39    28    29
   40    45    47
   41     4     2
   42    18    20
   43    12    15
   44    16    12
   45    32    32
   46     5     3
   47    43    40
   48    24    22
   49    45    50
   50    24    23
   51    41    37
   52    26    23
   53    18    16
   54    47    49
   55    33    37
   56    45    48
   57    32    30
   58    14    15
   59    17    21
   60    12    13
   61     4     5
   62    35    31
   63    38    34
   64    11     9
   65    39    42
   66    46    45
   67    14    11
   68    29    29
   69    35    37
   70    39    40
   71     8    10
   72    45    40
   73    10     5
   74     2     6
   75    12     8
   76    27    27
   77    36    33
   78    20    18
   79    26    25
   80    37    33
   81    38    42
   82    21    24
   83    38    33
   84     7    12
   85     1     6
   86    46    46
   87    49    50
   88    11    15
   89    14     9
   90    36    38
   91    22    21
   92    15    15
   93    51    49
   94    19    14
   95    13    13
   96    49    48
   97    29    28
   98    45    49
   99    46    43
  100    22    17
1216
