100
    1   599   500
    2   741   776
    3   576   526
    4   160    79
    5   854   864
    6   568   518
    7   812   801
    8   723   680
    9   145   193
   10   721   766
   11   340   272
   12   890   847
   13   126   160
   14   616   632
   15   587   633
   16   877   969
   17   420   393
   18   246   212
   19   691   701
   20   382   474
   21   842   857
   22   396   420
   23   525   496
   24   420   475
   25     1     1
   26   551   492
   27  1008   958
   28   767   788
   29  1034   938
   30   859   875
   31    66   150
   32   938   856
   33    15    16
   34     1    25
   35   380   304
   36   631   541
   37   550   472
   38   362   281
   39   431   344
   40   716   739
   41   510   427
   42   764   838
   43   294   306
   44   835   890
   45   342   403
   46  1004   959
   47     6   102
   48   749   790
   49   440   419
   50    31    12
   51   326   403
   52   852   924
   53   856   881
   54   727   744
   55   622   613
   56   900   860
   57   600   533
   58   486   519
   59   756   688
   60   627   686
   61    52   129
   62   890   983
   63   338   356
   64   880   871
   65   860   792
   66   709   656
   67   972   889
   68   938   915
   69   835   904
   70   573   502
   71     1    18
   72   609   514
   73   103    50
   74   149   203
   75    12    36
   76   306   285
   77   985   887
   78     1    31
   79   215   197
   80   468   463
   81   518   466
   82   365   314
   83   910   839
   84   772   806
   85   881   922
   86   900   806
   87    11    12
   88   784   760
   89   390   302
   90   221   151
   91   333   337
   92     1    57
   93   842   817
   94   987   940
   95   575   580
   96   304   209
   97   821   789
   98   835   877
   99   846   800
  100   398   424
17970
