500
    1    28    18
    2    55    45
    3    29    19
    4    27    17
    5    15     5
    6    37    27
    7    36    26
    8    31    21
    9    25    15
   10    32    22
   11    24    14
   12    34    24
   13    38    28
   14    32    22
   15    28    18
   16    52    42
   17    20    10
   18    17     7
   19    31    21
   20    23    13
   21    20    10
   22    24    14
   23    18     8
   24    24    14
   25    13     3
   26    30    20
   27    31    21
   28    21    11
   29    27    17
   30    14     4
   31    51    41
   32    57    47
   33    32    22
   34    37    27
   35    17     7
   36    21    11
   37    34    24
   38    19     9
   39    59    49
   40    14     4
   41    24    14
   42    56    46
   43    38    28
   44    32    22
   45    57    47
   46    47    37
   47    17     7
   48    41    31
   49    29    19
   50    56    46
   51    17     7
   52    17     7
   53    11     1
   54    43    33
   55    36    26
   56    36    26
   57    20    10
   58    21    11
   59    56    46
   60    13     3
   61    40    30
   62    58    48
   63    52    42
   64    31    21
   65    56    46
   66    49    39
   67    18     8
   68    16     6
   69    13     3
   70    54    44
   71    36    26
   72    42    32
   73    15     5
   74    60    50
   75    57    47
   76    56    46
   77    39    29
   78    15     5
   79    57    47
   80    36    26
   81    12     2
   82    29    19
   83    30    20
   84    60    50
   85    25    15
   86    24    14
   87    22    12
   88    52    42
   89    42    32
   90    55    45
   91    13     3
   92    46    36
   93    50    40
   94    15     5
   95    32    22
   96    55    45
   97    60    50
   98    55    45
   99    33    23
  100    50    40
  101    47    37
  102    16     6
  103    33    23
  104    59    49
  105    26    16
  106    18     8
  107    59    49
  108    58    48
  109    47    37
  110    29    19
  111    58    48
  112    35    25
  113    40    30
  114    37    27
  115    25    15
  116    37    27
  117    31    21
  118    43    33
  119    23    13
  120    42    32
  121    15     5
  122    35    25
  123    41    31
  124    41    31
  125    44    34
  126    42    32
  127    19     9
  128    34    24
  129    52    42
  130    37    27
  131    55    45
  132    60    50
  133    21    11
  134    56    46
  135    39    29
  136    12     2
  137    47    37
  138    33    23
  139    50    40
  140    18     8
  141    20    10
  142    46    36
  143    50    40
  144    54    44
  145    15     5
  146    30    20
  147    16     6
  148    38    28
  149    18     8
  150    39    29
  151    37    27
  152    25    15
  153    43    33
  154    27    17
  155    28    18
  156    24    14
  157    35    25
  158    37    27
  159    43    33
  160    34    24
  161    52    42
  162    24    14
  163    34    24
  164    19     9
  165    43    33
  166    20    10
  167    22    12
  168    19     9
  169    16     6
  170    22    12
  171    56    46
  172    45    35
  173    60    50
  174    51    41
  175    25    15
  176    42    32
  177    19     9
  178    39    29
  179    48    38
  180    55    45
  181    31    21
  182    15     5
  183    25    15
  184    36    26
  185    59    49
  186    18     8
  187    24    14
  188    55    45
  189    23    13
  190    57    47
  191    58    48
  192    23    13
  193    38    28
  194    24    14
  195    59    49
  196    57    47
  197    53    43
  198    41    31
  199    27    17
  200    59    49
  201    44    34
  202    27    17
  203    49    39
  204    40    30
  205    19     9
  206    59    49
  207    13     3
  208    32    22
  209    16     6
  210    58    48
  211    25    15
  212    16     6
  213    48    38
  214    23    13
  215    31    21
  216    15     5
  217    41    31
  218    31    21
  219    24    14
  220    41    31
  221    55    45
  222    36    26
  223    44    34
  224    55    45
  225    44    34
  226    44    34
  227    38    28
  228    54    44
  229    60    50
  230    45    35
  231    51    41
  232    16     6
  233    30    20
  234    24    14
  235    50    40
  236    42    32
  237    46    36
  238    15     5
  239    39    29
  240    18     8
  241    32    22
  242    50    40
  243    47    37
  244    57    47
  245    36    26
  246    25    15
  247    19     9
  248    50    40
  249    42    32
  250    42    32
  251    11     1
  252    19     9
  253    38    28
  254    25    15
  255    40    30
  256    39    29
  257    27    17
  258    40    30
  259    32    22
  260    57    47
  261    14     4
  262    43    33
  263    34    24
  264    40    30
  265    17     7
  266    15     5
  267    37    27
  268    45    35
  269    15     5
  270    22    12
  271    45    35
  272    40    30
  273    30    20
  274    57    47
  275    19     9
  276    20    10
  277    60    50
  278    30    20
  279    31    21
  280    60    50
  281    16     6
  282    41    31
  283    27    17
  284    51    41
  285    20    10
  286    32    22
  287    20    10
  288    18     8
  289    34    24
  290    21    11
  291    19     9
  292    17     7
  293    53    43
  294    42    32
  295    34    24
  296    58    48
  297    13     3
  298    53    43
  299    13     3
  300    51    41
  301    12     2
  302    55    45
  303    11     1
  304    33    23
  305    22    12
  306    32    22
  307    59    49
  308    26    16
  309    56    46
  310    35    25
  311    39    29
  312    37    27
  313    21    11
  314    38    28
  315    28    18
  316    12     2
  317    12     2
  318    16     6
  319    28    18
  320    36    26
  321    12     2
  322    17     7
  323    59    49
  324    28    18
  325    59    49
  326    11     1
  327    24    14
  328    20    10
  329    58    48
  330    53    43
  331    41    31
  332    22    12
  333    37    27
  334    28    18
  335    58    48
  336    29    19
  337    56    46
  338    37    27
  339    44    34
  340    12     2
  341    37    27
  342    57    47
  343    18     8
  344    17     7
  345    43    33
  346    41    31
  347    46    36
  348    19     9
  349    31    21
  350    26    16
  351    25    15
  352    43    33
  353    47    37
  354    58    48
  355    56    46
  356    33    23
  357    41    31
  358    47    37
  359    36    26
  360    33    23
  361    60    50
  362    18     8
  363    37    27
  364    46    36
  365    25    15
  366    42    32
  367    53    43
  368    40    30
  369    31    21
  370    48    38
  371    38    28
  372    20    10
  373    13     3
  374    56    46
  375    48    38
  376    31    21
  377    38    28
  378    36    26
  379    30    20
  380    46    36
  381    33    23
  382    21    11
  383    35    25
  384    12     2
  385    23    13
  386    24    14
  387    39    29
  388    55    45
  389    20    10
  390    51    41
  391    50    40
  392    28    18
  393    14     4
  394    27    17
  395    46    36
  396    11     1
  397    21    11
  398    41    31
  399    12     2
  400    41    31
  401    47    37
  402    27    17
  403    21    11
  404    28    18
  405    45    35
  406    49    39
  407    11     1
  408    55    45
  409    49    39
  410    27    17
  411    13     3
  412    33    23
  413    59    49
  414    44    34
  415    48    38
  416    56    46
  417    16     6
  418    37    27
  419    18     8
  420    30    20
  421    53    43
  422    32    22
  423    24    14
  424    20    10
  425    45    35
  426    20    10
  427    23    13
  428    30    20
  429    48    38
  430    36    26
  431    20    10
  432    41    31
  433    47    37
  434    44    34
  435    56    46
  436    40    30
  437    44    34
  438    28    18
  439    49    39
  440    42    32
  441    26    16
  442    46    36
  443    25    15
  444    19     9
  445    44    34
  446    28    18
  447    14     4
  448    25    15
  449    58    48
  450    13     3
  451    58    48
  452    12     2
  453    48    38
  454    25    15
  455    46    36
  456    34    24
  457    46    36
  458    47    37
  459    35    25
  460    19     9
  461    32    22
  462    27    17
  463    37    27
  464    22    12
  465    25    15
  466    57    47
  467    17     7
  468    56    46
  469    16     6
  470    36    26
  471    12     2
  472    19     9
  473    12     2
  474    43    33
  475    48    38
  476    13     3
  477    13     3
  478    36    26
  479    11     1
  480    29    19
  481    42    32
  482    40    30
  483    48    38
  484    16     6
  485    36    26
  486    27    17
  487    42    32
  488    19     9
  489    37    27
  490    28    18
  491    51    41
  492    39    29
  493    40    30
  494    33    23
  495    24    14
  496    16     6
  497    29    19
  498    18     8
  499    49    39
  500    38    28
6173
