100
    1   961   937
    2   292   253
    3   639   675
    4   778   772
    5   214   165
    6   273   219
    7   181   254
    8   953   957
    9   283   326
   10   891   867
   11   399   357
   12     1    68
   13     1    53
   14   287   317
   15   113    94
   16   143   214
   17   937   958
   18   614   593
   19   881   938
   20   860   815
   21   483   470
   22   625   545
   23   187   205
   24   202   232
   25   616   638
   26   855   921
   27    81    35
   28   649   665
   29   156   183
   30     1    16
   31   756   803
   32   827   829
   33   525   477
   34   502   598
   35   226   301
   36   187   210
   37     1    29
   38   572   614
   39   903   821
   40   842   856
   41   538   576
   42   264   195
   43   811   831
   44   634   543
   45   903   960
   46   690   756
   47   922   979
   48   188   155
   49   588   488
   50   655   633
   51   331   272
   52   234   313
   53   721   750
   54    90    61
   55   181   154
   56   261   337
   57   189   234
   58   650   604
   59   368   453
   60   996   931
   61   932   974
   62   124   180
   63   419   513
   64  1047   948
   65   876   901
   66   538   533
   67   375   342
   68   950   936
   69   663   669
   70   719   787
   71   852   903
   72    94   175
   73   375   351
   74   334   408
   75   200   281
   76   395   370
   77   898   980
   78   415   404
   79   750   754
   80   514   612
   81   836   927
   82   875   935
   83    23    28
   84   666   627
   85   582   599
   86   276   187
   87    51    89
   88   617   669
   89   484   523
   90   145   124
   91   399   398
   92   777   782
   93   868   774
   94   973   897
   95   329   337
   96   532   494
   97   844   866
   98   527   530
   99   975   893
  100   127   109
34876
