500
    1   791   781
    2   752   742
    3   952   942
    4   452   442
    5   866   856
    6   978   968
    7   935   925
    8   178   168
    9   724   714
   10   387   377
   11   773   763
   12   367   357
   13    85    75
   14   227   217
   15   551   541
   16   929   919
   17   829   819
   18   704   694
   19   822   812
   20   144   134
   21   835   825
   22   497   487
   23   247   237
   24   137   127
   25   820   810
   26   309   299
   27   896   886
   28   440   430
   29   316   306
   30   369   359
   31   856   846
   32  1010  1000
   33   717   707
   34    40    30
   35   628   618
   36   248   238
   37   689   679
   38   396   386
   39   218   208
   40   679   669
   41    61    51
   42   763   753
   43   963   953
   44    69    59
   45   748   738
   46   150   140
   47  1010  1000
   48   606   596
   49   692   682
   50    67    57
   51   980   970
   52   580   570
   53   834   824
   54   394   384
   55   667   657
   56   757   747
   57   325   315
   58   596   586
   59   507   497
   60    38    28
   61   929   919
   62   871   861
   63   687   677
   64   966   956
   65   795   785
   66   534   524
   67   345   335
   68   485   475
   69   316   306
   70   349   339
   71   525   515
   72   363   353
   73   108    98
   74   795   785
   75   624   614
   76   493   483
   77   212   202
   78   968   958
   79   690   680
   80   857   847
   81   863   853
   82   878   868
   83   573   563
   84   139   129
   85   958   948
   86    59    49
   87   169   159
   88   313   303
   89   135   125
   90   388   378
   91   166   156
   92   321   311
   93   481   471
   94   846   836
   95   925   915
   96   194   184
   97   991   981
   98   422   412
   99   212   202
  100   447   437
  101   478   468
  102    49    39
  103   644   634
  104   824   814
  105   957   947
  106   893   883
  107   192   182
  108   363   353
  109   256   246
  110   942   932
  111   131   121
  112   672   662
  113   289   279
  114   404   394
  115   390   380
  116   626   616
  117   316   306
  118   490   480
  119   478   468
  120   417   407
  121   620   610
  122   386   376
  123   894   884
  124    60    50
  125   287   277
  126   643   633
  127   534   524
  128   171   161
  129   843   833
  130   692   682
  131   728   718
  132   563   553
  133   268   258
  134    35    25
  135  1010  1000
  136   291   281
  137   724   714
  138   950   940
  139   965   955
  140   475   465
  141    85    75
  142   635   625
  143   289   279
  144    77    67
  145   814   804
  146   427   417
  147   611   601
  148   595   585
  149   423   413
  150   856   846
  151   252   242
  152   760   750
  153   658   648
  154   416   406
  155   855   845
  156   579   569
  157   928   918
  158   202   192
  159   494   484
  160    21    11
  161   149   139
  162   101    91
  163   513   503
  164   860   850
  165   946   936
  166   711   701
  167   501   491
  168   928   918
  169   189   179
  170   499   489
  171   125   115
  172   754   744
  173   791   781
  174   444   434
  175   816   806
  176   965   955
  177   106    96
  178   254   244
  179   175   165
  180   364   354
  181   412   402
  182   612   602
  183   800   790
  184   707   697
  185   252   242
  186   667   657
  187    67    57
  188    18     8
  189   808   798
  190    46    36
  191   481   471
  192   468   458
  193   569   559
  194   579   569
  195   964   954
  196    78    68
  197   860   850
  198   882   872
  199   400   390
  200  1002   992
  201   989   979
  202   662   652
  203   660   650
  204   979   969
  205    90    80
  206   468   458
  207   700   690
  208   611   601
  209   873   863
  210   601   591
  211   230   220
  212   465   455
  213   807   797
  214   912   902
  215   798   788
  216   974   964
  217   614   604
  218   760   750
  219   145   135
  220   910   900
  221   826   816
  222   707   697
  223   219   209
  224   260   250
  225    33    23
  226   147   137
  227   237   227
  228   133   123
  229   613   603
  230    64    54
  231   438   428
  232   135   125
  233   479   469
  234    21    11
  235   653   643
  236   643   633
  237    73    63
  238  1008   998
  239   616   606
  240   325   315
  241   455   445
  242    95    85
  243    20    10
  244   308   298
  245   467   457
  246   592   582
  247   922   912
  248   589   579
  249   509   499
  250   105    95
  251   298   288
  252   362   352
  253   643   633
  254   118   108
  255   535   525
  256   992   982
  257   738   728
  258   977   967
  259   327   317
  260   926   916
  261   873   863
  262   876   866
  263   885   875
  264   369   359
  265   166   156
  266   330   320
  267   596   586
  268   412   402
  269   592   582
  270   643   633
  271   170   160
  272   749   739
  273   393   383
  274   710   700
  275   614   604
  276   219   209
  277    85    75
  278   897   887
  279    56    46
  280   299   289
  281   371   361
  282   796   786
  283    12     2
  284    98    88
  285   751   741
  286   755   745
  287   603   593
  288   485   475
  289   657   647
  290   466   456
  291   782   772
  292   292   282
  293   686   676
  294    35    25
  295   767   757
  296    69    59
  297   720   710
  298   762   752
  299   118   108
  300   932   922
  301   541   531
  302   698   688
  303   956   946
  304   864   854
  305   961   951
  306   753   743
  307   528   518
  308  1009   999
  309   729   719
  310   294   284
  311    12     2
  312   574   564
  313   990   980
  314   419   409
  315   299   289
  316   963   953
  317   169   159
  318   741   731
  319   497   487
  320   615   605
  321   113   103
  322   696   686
  323   342   332
  324   235   225
  325   118   108
  326   136   126
  327   745   735
  328   583   573
  329   241   231
  330   338   328
  331   886   876
  332   735   725
  333   394   384
  334    81    71
  335   427   417
  336   418   408
  337   613   603
  338   692   682
  339   877   867
  340   723   713
  341   362   352
  342   588   578
  343   801   791
  344   672   662
  345   752   742
  346    44    34
  347   657   647
  348    56    46
  349   606   596
  350   441   431
  351   646   636
  352   882   872
  353   710   700
  354  1009   999
  355   501   491
  356   336   326
  357   326   316
  358   808   798
  359    71    61
  360    98    88
  361   403   393
  362   157   147
  363  1008   998
  364    31    21
  365   244   234
  366   251   241
  367   116   106
  368   951   941
  369   216   206
  370   123   113
  371   257   247
  372   363   353
  373   150   140
  374   479   469
  375   709   699
  376   806   796
  377   591   581
  378   873   863
  379   717   707
  380   253   243
  381    26    16
  382   466   456
  383   774   764
  384   329   319
  385   852   842
  386   567   557
  387   588   578
  388   766   756
  389   793   783
  390   942   932
  391    93    83
  392   843   833
  393   235   225
  394    54    44
  395    49    39
  396   946   936
  397   574   564
  398   444   434
  399   857   847
  400   154   144
  401    38    28
  402   210   200
  403   464   454
  404   959   949
  405   526   516
  406   706   696
  407   506   496
  408   404   394
  409   878   868
  410   928   918
  411   992   982
  412   102    92
  413   536   526
  414   789   779
  415   381   371
  416   345   335
  417    47    37
  418   688   678
  419   313   303
  420   537   527
  421   244   234
  422   575   565
  423   943   933
  424   647   637
  425   302   292
  426   803   793
  427   732   722
  428   563   553
  429   301   291
  430   177   167
  431   855   845
  432   776   766
  433   628   618
  434   709   699
  435   727   717
  436   395   385
  437   249   239
  438   561   551
  439   398   388
  440   445   435
  441   609   599
  442   979   969
  443   240   230
  444   792   782
  445   821   811
  446   669   659
  447   487   477
  448   766   756
  449   139   129
  450   830   820
  451    47    37
  452   893   883
  453   435   425
  454   390   380
  455   457   447
  456   215   205
  457   511   501
  458   374   364
  459   894   884
  460   694   684
  461   869   859
  462   646   636
  463   218   208
  464   325   315
  465    92    82
  466   552   542
  467   578   568
  468   545   535
  469   889   879
  470   105    95
  471   611   601
  472   710   700
  473   453   443
  474  1000   990
  475   937   927
  476   662   652
  477   764   754
  478   911   901
  479   840   830
  480   356   346
  481   413   403
  482    15     5
  483   371   361
  484   983   973
  485   601   591
  486   536   526
  487   263   253
  488   498   488
  489   602   592
  490   781   771
  491   794   784
  492   704   694
  493   857   847
  494   374   364
  495   861   851
  496   221   211
  497   572   562
  498   487   477
  499   660   650
  500   455   445
43313
