100
    1    47    55
    2   105    96
    3    51    46
    4    31    27
    5    12     8
    6    72    65
    7    86    81
    8    92    95
    9    87    93
   10    16    22
   11   103    95
   12    83    79
   13   106    96
   14    56    56
   15    24    28
   16    32    28
   17    37    45
   18    88    88
   19    55    61
   20    93    90
   21    72    77
   22     8    11
   23    46    56
   24    19    14
   25    48    56
   26    46    36
   27    86    78
   28   100    95
   29     1     5
   30    89    87
   31    37    33
   32    14     7
   33     1     7
   34    79    89
   35   108   100
   36    32    37
   37     4    12
   38    84    80
   39    55    56
   40     5     6
   41    52    51
   42    80    77
   43    97    90
   44    79    73
   45    41    39
   46    54    58
   47    10     9
   48    21    29
   49    12    19
   50    56    52
   51     3     6
   52    19    12
   53    84    93
   54    31    24
   55    28    20
   56    73    75
   57    83    89
   58    32    42
   59    38    44
   60    67    58
   61    99    92
   62    79    78
   63   108    99
   64    94    86
   65    56    51
   66    69    72
   67    57    64
   68    47    50
   69    59    60
   70    38    33
   71    54    45
   72    15     9
   73    95    98
   74     8    11
   75     1     3
   76     4    12
   77    18    26
   78    87    91
   79    42    32
   80    84    82
   81    57    53
   82    48    45
   83    35    30
   84    48    41
   85    28    33
   86    88    85
   87    12    19
   88    21    16
   89    28    30
   90     6    11
   91    23    32
   92    49    48
   93    50    48
   94    76    71
   95    24    20
   96    43    33
   97    13     5
   98    60    52
   99    34    44
  100    41    44
4175
