100
    1   452   500
    2   312   276
    3    30    26
    4    75    79
    5   361   364
    6    15    18
    7   258   301
    8   220   180
    9   240   193
   10   289   266
   11   244   272
   12   350   347
   13   183   160
   14   175   132
   15   181   133
   16   492   469
   17   429   393
   18   187   212
   19   195   201
   20   441   474
   21   364   357
   22   470   420
   23   461   496
   24   456   475
   25     1     1
   26   505   492
   27   472   458
   28   262   288
   29   482   438
   30   334   375
   31   121   150
   32   391   356
   33    24    16
   34    49    25
   35   292   304
   36    15    41
   37   505   472
   38   291   281
   39   370   344
   40   221   239
   41   378   427
   42   320   338
   43   268   306
   44   416   390
   45   361   403
   46   425   459
   47   138   102
   48   333   290
   49   437   419
   50     1    12
   51   397   403
   52   374   424
   53   415   381
   54   258   244
   55    76   113
   56   342   360
   57    43    33
   58     1    19
   59   203   188
   60   198   186
   61    92   129
   62   532   483
   63   310   356
   64   369   371
   65   332   292
   66   171   156
   67   389   389
   68   419   415
   69   411   404
   70     1     2
   71    21    18
   72    22    14
   73    63    50
   74   197   203
   75    78    36
   76   310   285
   77   393   387
   78    53    31
   79   159   197
   80   487   463
   81   423   466
   82   271   314
   83   297   339
   84   261   306
   85   403   422
   86   260   306
   87    24    12
   88   216   260
   89   292   302
   90   138   151
   91   338   337
   92    91    57
   93   338   317
   94   464   440
   95    54    80
   96   196   209
   97   266   289
   98   339   377
   99   347   300
  100   461   424
8970
