500
    1    34    31
    2    43    42
    3     8     6
    4    26    25
    5    17    14
    6    15    13
    7    25    25
    8    42    41
    9    24    19
   10    15    12
   11    21    25
   12    39    37
   13    11    10
   14    34    36
   15     8     6
   16    47    46
   17    12     7
   18    19    18
   19    32    29
   20     3     8
   21     5     1
   22     3     3
   23    34    38
   24    48    50
   25    31    32
   26    20    20
   27    28    24
   28    11     7
   29    19    15
   30    47    47
   31    17    19
   32    24    27
   33    38    35
   34    34    35
   35    10     6
   36    11    15
   37    45    48
   38    19    14
   39     1     2
   40    34    30
   41     2     3
   42    17    13
   43    51    48
   44     5     9
   45    20    25
   46    11     6
   47    26    21
   48    17    15
   49    32    31
   50     1     2
   51    22    18
   52    30    34
   53    47    47
   54    27    32
   55    47    46
   56    16    21
   57    27    29
   58    26    30
   59     7     6
   60    23    18
   61     6    10
   62    39    34
   63    27    27
   64    22    24
   65    33    33
   66    13    18
   67     7     8
   68    51    50
   69    10    14
   70     8     5
   71    27    25
   72    24    29
   73     2     4
   74     1     1
   75    18    13
   76    44    42
   77    45    48
   78    50    45
   79    19    18
   80    29    34
   81    40    39
   82     8     3
   83    33    36
   84    39    41
   85    27    29
   86    19    15
   87    36    31
   88     1     6
   89    43    46
   90    19    15
   91     1     2
   92    45    40
   93    40    42
   94     8     7
   95    50    48
   96    21    21
   97     6     9
   98     4     4
   99    48    50
  100    36    40
  101    32    29
  102    45    50
  103    34    30
  104    43    40
  105    16    13
  106    22    20
  107    50    47
  108    39    38
  109     8     4
  110    33    35
  111    12    16
  112     8     9
  113    19    23
  114    22    27
  115     1     3
  116    24    28
  117    23    19
  118    41    43
  119     8    13
  120    11     6
  121    40    45
  122     8    10
  123     2     7
  124     8    12
  125    51    49
  126    38    38
  127    38    33
  128    23    25
  129    33    28
  130    15    17
  131    18    13
  132    22    25
  133     2     6
  134    33    36
  135    35    32
  136     8    10
  137    36    33
  138     2     4
  139    23    25
  140    48    46
  141    10    11
  142     6     2
  143    36    41
  144    44    43
  145    46    47
  146    25    22
  147    23    26
  148     8     7
  149    13    10
  150     4     8
  151    36    31
  152    49    46
  153     5     1
  154    18    18
  155    23    19
  156     1     2
  157    29    30
  158    39    39
  159    11     9
  160    34    37
  161     1     3
  162    37    32
  163     8     8
  164    38    35
  165    28    31
  166    28    26
  167    35    34
  168    15    17
  169     1     3
  170    15    17
  171     5     2
  172    46    41
  173    40    42
  174    46    47
  175    41    46
  176    40    36
  177    48    50
  178    38    41
  179    12    16
  180    12    11
  181    44    43
  182    48    48
  183    36    34
  184     4     6
  185    10     6
  186    51    47
  187    44    40
  188    44    49
  189    35    31
  190     4     7
  191    20    16
  192    16    14
  193    42    42
  194    28    28
  195    28    33
  196    28    33
  197    25    25
  198    34    39
  199    11    14
  200    49    47
  201    28    28
  202     1     4
  203    11    16
  204    50    46
  205    20    18
  206    33    32
  207    26    26
  208    17    21
  209    37    37
  210     5     3
  211    30    34
  212    37    33
  213    42    42
  214    25    22
  215    40    41
  216    44    45
  217    23    18
  218    15    17
  219    43    39
  220    33    38
  221    47    49
  222    28    30
  223    11    11
  224    24    27
  225    29    29
  226    42    37
  227    30    25
  228    43    47
  229     1     1
  230    31    34
  231     6     9
  232    10     8
  233    34    32
  234    16    18
  235    28    29
  236     6     1
  237    43    43
  238    31    27
  239     9     4
  240    29    30
  241     7     3
  242     7    11
  243    46    41
  244     3     3
  245    43    42
  246    39    34
  247    51    47
  248     5     1
  249    13    12
  250    48    50
  251    15    14
  252    23    28
  253    49    46
  254    17    21
  255    20    21
  256    45    42
  257    21    16
  258    52    48
  259    43    41
  260     1     2
  261    41    37
  262    12    15
  263    30    34
  264    44    48
  265    35    39
  266    15    19
  267    36    32
  268    40    41
  269     6     6
  270    49    47
  271    28    33
  272    46    45
  273    32    33
  274    28    26
  275    49    47
  276    13     8
  277    14    18
  278    31    36
  279    24    26
  280    39    38
  281    14    16
  282    37    38
  283    46    41
  284     5     4
  285    28    28
  286    13    18
  287    38    41
  288    19    18
  289    20    20
  290    25    26
  291    48    44
  292    34    33
  293    29    28
  294    18    19
  295    25    24
  296    45    40
  297    44    46
  298     7    10
  299     4     7
  300    31    31
  301    50    48
  302    12     8
  303    36    35
  304    16    13
  305    27    23
  306     1     1
  307    33    35
  308    12     9
  309    40    45
  310    26    27
  311    22    23
  312    33    34
  313    32    32
  314    10     5
  315     9    13
  316    15    10
  317    43    46
  318    27    25
  319    44    46
  320    39    40
  321    30    34
  322    26    24
  323     2     1
  324     6     8
  325    53    49
  326    21    19
  327     1     1
  328    26    24
  329    13    15
  330    32    34
  331    12    17
  332    18    19
  333    27    30
  334    27    32
  335    10     9
  336    24    27
  337    49    48
  338    44    40
  339    51    50
  340    39    35
  341    20    21
  342    10    14
  343    42    45
  344    23    18
  345    24    26
  346    15    16
  347    30    29
  348     8     5
  349    15    17
  350     1     1
  351    34    36
  352    15    12
  353     8     8
  354    34    36
  355     5     2
  356    21    18
  357    11    13
  358    29    33
  359    24    22
  360    15    20
  361    22    21
  362    25    26
  363     9     4
  364    43    42
  365    29    31
  366    18    19
  367    37    38
  368    17    14
  369    28    29
  370    20    18
  371    42    37
  372     3     3
  373    40    35
  374    23    20
  375    17    22
  376     5     3
  377    39    42
  378    33    31
  379     5     5
  380    50    50
  381     2     6
  382    22    19
  383    25    24
  384    35    37
  385    49    49
  386     2     5
  387    34    29
  388    22    18
  389    27    31
  390    44    46
  391    43    44
  392     1     1
  393    33    30
  394    23    22
  395     2     6
  396     1     3
  397     6     1
  398    45    47
  399    49    48
  400    51    47
  401    28    30
  402    13    15
  403    17    17
  404    13    17
  405    42    40
  406    37    36
  407    18    15
  408    44    40
  409    13    18
  410    33    30
  411    52    50
  412    49    47
  413    30    26
  414    39    34
  415    37    37
  416     8     4
  417    40    42
  418    29    30
  419    12    14
  420    53    49
  421    22    17
  422    38    36
  423     5     7
  424    13    15
  425    40    38
  426     4     9
  427    13     8
  428     6     7
  429    12    10
  430    28    31
  431    43    48
  432     7     5
  433    45    49
  434    49    50
  435    51    48
  436    33    28
  437    42    43
  438    30    27
  439    38    43
  440    26    28
  441    23    27
  442    38    36
  443    32    33
  444    26    29
  445    15    15
  446     1     3
  447     1     2
  448    36    36
  449     3     2
  450    47    46
  451     8     6
  452    13     9
  453    37    34
  454     7     9
  455    14    14
  456    27    24
  457    36    40
  458    31    26
  459    17    13
  460    46    41
  461    12    17
  462    29    31
  463    12     7
  464     1     4
  465    32    36
  466    42    39
  467     8     6
  468    26    29
  469    20    22
  470    44    45
  471    39    40
  472    28    32
  473    42    42
  474    48    49
  475    37    41
  476    33    33
  477    53    50
  478    49    50
  479    39    44
  480    20    22
  481    19    23
  482     8    10
  483    45    49
  484     1     1
  485    41    43
  486    40    35
  487    33    38
  488    36    36
  489    17    21
  490    10     6
  491    55    50
  492    10     7
  493     5     2
  494     6     5
  495    39    36
  496    29    34
  497    44    45
  498    41    40
  499    26    22
  500    46    44
2147
