500
    1   599   500
    2   741   776
    3   576   526
    4   160    79
    5   854   864
    6   568   518
    7   812   801
    8   723   680
    9   145   193
   10   721   766
   11   340   272
   12   890   847
   13   126   160
   14   616   632
   15   587   633
   16   877   969
   17   420   393
   18   246   212
   19   691   701
   20   382   474
   21   842   857
   22   396   420
   23   525   496
   24   420   475
   25     1     1
   26   551   492
   27  1008   958
   28   767   788
   29  1034   938
   30   859   875
   31    66   150
   32   938   856
   33    15    16
   34     1    25
   35   380   304
   36   631   541
   37   550   472
   38   362   281
   39   431   344
   40   716   739
   41   510   427
   42   764   838
   43   294   306
   44   835   890
   45   342   403
   46  1004   959
   47     6   102
   48   749   790
   49   440   419
   50    31    12
   51   326   403
   52   852   924
   53   856   881
   54   727   744
   55   622   613
   56   900   860
   57   600   533
   58   486   519
   59   756   688
   60   627   686
   61    52   129
   62   890   983
   63   338   356
   64   880   871
   65   860   792
   66   709   656
   67   972   889
   68   938   915
   69   835   904
   70   573   502
   71     1    18
   72   609   514
   73   103    50
   74   149   203
   75    12    36
   76   306   285
   77   985   887
   78     1    31
   79   215   197
   80   468   463
   81   518   466
   82   365   314
   83   910   839
   84   772   806
   85   881   922
   86   900   806
   87    11    12
   88   784   760
   89   390   302
   90   221   151
   91   333   337
   92     1    57
   93   842   817
   94   987   940
   95   575   580
   96   304   209
   97   821   789
   98   835   877
   99   846   800
  100   398   424
  101   351   281
  102    22    44
  103   354   294
  104   338   396
  105   103   109
  106    46    38
  107   101   163
  108     1    55
  109   522   443
  110   682   753
  111   912   935
  112   763   667
  113   409   349
  114   357   381
  115   848   897
  116   129    39
  117   951   915
  118   443   445
  119   965   949
  120   679   697
  121   361   388
  122   177   149
  123   509   592
  124   424   507
  125   988   961
  126   396   491
  127   263   360
  128   379   424
  129   637   719
  130     7    15
  131   927   934
  132  1006   949
  133   579   611
  134   176   156
  135   664   565
  136   484   418
  137   991   997
  138   710   807
  139   637   634
  140    95   104
  141   613   679
  142   950   981
  143    31    75
  144   163   147
  145   421   485
  146   648   590
  147   558   634
  148   635   719
  149   939   861
  150   530   430
  151   404   345
  152   999   949
  153   678   686
  154   766   712
  155   140    62
  156   598   636
  157     6    74
  158   244   203
  159   645   606
  160   779   681
  161   630   677
  162   759   791
  163   823   778
  164   284   346
  165   463   389
  166   961   878
  167   288   327
  168   701   708
  169   330   250
  170   899   829
  171     1    15
  172   778   746
  173    99   109
  174   518   442
  175   890   963
  176   194   255
  177   691   722
  178   254   293
  179   622   602
  180     1    40
  181   873   967
  182   454   409
  183   750   728
  184   633   724
  185   839   789
  186   854   841
  187   129    42
  188   125   197
  189   777   780
  190   672   709
  191   644   598
  192   857   895
  193    88   152
  194     1    28
  195   848   821
  196   422   358
  197   933   936
  198   146   234
  199   821   859
  200   634   545
  201   474   379
  202   489   433
  203   403   451
  204   500   499
  205   931   875
  206   172    97
  207   810   716
  208   958   926
  209   950   971
  210   457   409
  211   151    88
  212   729   728
  213   765   843
  214   473   397
  215    96   186
  216   867   823
  217   954   952
  218   158   232
  219   435   357
  220   495   534
  221   323   358
  222   669   673
  223    74    97
  224  1009   912
  225   136   168
  226   739   672
  227   506   431
  228   555   537
  229   114    43
  230   826   759
  231   949   961
  232   149   242
  233   587   545
  234   263   362
  235   368   421
  236   441   452
  237   537   601
  238   192   257
  239   418   329
  240   796   737
  241   273   217
  242   588   499
  243   150   133
  244   941   967
  245   685   630
  246   531   563
  247   478   414
  248   137   158
  249   260   344
  250   387   348
  251    88   151
  252   231   183
  253   708   641
  254   175   166
  255   854   775
  256   626   581
  257   917   892
  258   200   104
  259   699   791
  260    88    21
  261   829   847
  262   615   685
  263   782   779
  264   791   727
  265   173   195
  266   760   810
  267   744   806
  268   995   996
  269   293   353
  270   809   779
  271    99    88
  272   787   743
  273   890   852
  274   397   435
  275   487   537
  276   495   478
  277   497   587
  278   476   562
  279     7    61
  280   145   120
  281   690   669
  282   387   446
  283   297   319
  284   624   551
  285    70    84
  286   521   453
  287   513   551
  288   712   621
  289   424   437
  290   644   655
  291   649   574
  292   139    88
  293   779   732
  294   374   414
  295   108    95
  296  1040   983
  297   934   898
  298   620   710
  299   774   806
  300   940   844
  301   107    64
  302   949   863
  303   146   162
  304    67    49
  305   229   195
  306   385   296
  307    32    11
  308   377   389
  309   124    48
  310   210   275
  311   717   798
  312   557   558
  313   387   302
  314   640   710
  315   834   894
  316   524   494
  317   907   945
  318   154   141
  319   305   306
  320   812   777
  321  1060   986
  322   330   395
  323   374   444
  324   359   314
  325    47   113
  326   145   135
  327   236   158
  328   221   163
  329  1025   942
  330   587   657
  331   121   172
  332    57   147
  333   786   833
  334   505   484
  335   571   574
  336   290   191
  337   510   535
  338    27    35
  339   831   868
  340   760   764
  341   763   797
  342   843   822
  343   404   330
  344   773   816
  345   748   724
  346   194   131
  347   198   212
  348   708   638
  349   887   893
  350   829   799
  351   303   296
  352   638   640
  353    82    68
  354   963   940
  355   794   720
  356   102    13
  357   898   927
  358    78    43
  359   767   783
  360   873   794
  361   519   422
  362   946   905
  363   625   569
  364   311   314
  365   814   730
  366   479   579
  367   112    37
  368   642   712
  369   916   887
  370   639   611
  371   834   932
  372   276   266
  373   326   260
  374   856   842
  375    15    80
  376   544   501
  377   333   367
  378   597   630
  379   120   192
  380   841   789
  381   390   347
  382   656   643
  383   985   920
  384    69   155
  385   103   131
  386   616   635
  387   615   611
  388   292   318
  389   568   606
  390     1    32
  391   135   219
  392   395   365
  393   373   275
  394   286   310
  395   186   212
  396   347   361
  397   991   932
  398   387   460
  399   729   670
  400     6     5
  401   715   780
  402   438   497
  403   207   250
  404   495   471
  405   276   354
  406   448   440
  407   708   682
  408   610   678
  409   596   542
  410   396   454
  411   571   491
  412   766   731
  413   114   185
  414   422   329
  415   322   347
  416   499   586
  417   846   767
  418   512   520
  419   550   524
  420   343   360
  421   115   181
  422   443   407
  423   451   409
  424   919   844
  425   498   596
  426   928   977
  427   294   374
  428    85    16
  429   413   494
  430   480   414
  431   749   795
  432   703   630
  433     1    78
  434   964   989
  435   806   863
  436   494   501
  437   807   906
  438   165   200
  439   978   990
  440   873   875
  441  1029   962
  442    94    76
  443   396   316
  444   249   162
  445   161   151
  446   201   104
  447   884   817
  448   136    45
  449   394   479
  450   998   899
  451   559   517
  452    39    65
  453   230   237
  454   207   247
  455   503   602
  456   169   214
  457   470   539
  458   207   202
  459    12    23
  460   805   846
  461   420   345
  462   394   330
  463   566   561
  464   338   330
  465   133   180
  466   164   238
  467   248   290
  468   705   658
  469   476   450
  470   164    89
  471   633   644
  472   923   867
  473   399   458
  474   222   256
  475     1    20
  476   244   319
  477   766   839
  478   818   864
  479   259   201
  480   759   827
  481   313   363
  482   401   347
  483   283   371
  484    88     2
  485   946   965
  486   964   905
  487   882   838
  488   766   668
  489   618   629
  490   837   897
  491   273   271
  492   334   427
  493    16    61
  494   178   135
  495   744   763
  496   769   714
  497   603   687
  498   555   589
  499   822   900
  500     1    14
84338
