500
    1   665   655
    2   266   256
    3   906   896
    4   902   892
    5   356   346
    6   396   386
    7   937   927
    8   292   282
    9   518   508
   10    77    67
   11   175   165
   12   601   591
   13   991   981
   14    29    19
   15   105    95
   16   675   665
   17   903   893
   18   122   112
   19   832   822
   20   202   192
   21  1005   995
   22   251   241
   23   689   679
   24    19     9
   25   606   596
   26   151   141
   27   266   256
   28  1010  1000
   29   238   228
   30   851   841
   31   538   528
   32   404   394
   33   655   645
   34    34    24
   35   198   188
   36   994   984
   37   971   961
   38   742   732
   39   900   890
   40   849   839
   41   287   277
   42   149   139
   43    21    11
   44   495   485
   45   166   156
   46   152   142
   47   524   514
   48   568   558
   49   966   956
   50   845   835
   51   646   636
   52   662   652
   53   988   978
   54   300   290
   55   805   795
   56   415   405
   57   815   805
   58   646   636
   59   597   587
   60   480   470
   61    43    33
   62   945   935
   63    17     7
   64   688   678
   65   717   707
   66   464   454
   67   299   289
   68   855   845
   69   310   300
   70   967   957
   71   247   237
   72   821   811
   73   222   212
   74   925   915
   75   290   280
   76   711   701
   77   166   156
   78   170   160
   79   116   106
   80   715   705
   81   161   151
   82    88    78
   83   287   277
   84   389   379
   85   200   190
   86   381   371
   87   283   273
   88    99    89
   89   249   239
   90   830   820
   91   568   558
   92   971   961
   93   619   609
   94   576   566
   95    39    29
   96   116   106
   97   129   119
   98   688   678
   99   262   252
  100   161   151
  101   216   206
  102   483   473
  103   422   412
  104   194   184
  105   503   493
  106   351   341
  107   634   624
  108   453   443
  109   530   520
  110   616   606
  111    85    75
  112   490   480
  113   499   489
  114   478   468
  115   752   742
  116   356   346
  117   654   644
  118   604   594
  119   968   958
  120    67    57
  121   502   492
  122   284   274
  123   288   278
  124   830   820
  125   409   399
  126   133   123
  127   496   486
  128   197   187
  129    61    51
  130   982   972
  131   482   472
  132   965   955
  133   174   164
  134   477   467
  135   860   850
  136   733   723
  137   870   860
  138   824   814
  139   343   333
  140   661   651
  141   855   845
  142   949   939
  143   419   409
  144   823   813
  145   608   598
  146   325   315
  147    21    11
  148   373   363
  149   913   903
  150   722   712
  151   422   412
  152   298   288
  153    36    26
  154   138   128
  155   601   591
  156   269   259
  157    42    32
  158   964   954
  159   792   782
  160   847   837
  161   263   253
  162   839   829
  163   755   745
  164   470   460
  165   940   930
  166   729   719
  167   951   941
  168   402   392
  169   543   533
  170    45    35
  171   695   685
  172   228   218
  173   329   319
  174   950   940
  175   826   816
  176   919   909
  177   740   730
  178   232   222
  179   121   111
  180   646   636
  181   342   332
  182   910   900
  183    58    48
  184   965   955
  185   358   348
  186    77    67
  187   981   971
  188   692   682
  189   130   120
  190   376   366
  191   243   233
  192   870   860
  193   915   905
  194    69    59
  195   462   452
  196   544   534
  197   854   844
  198   900   890
  199   154   144
  200   916   906
  201  1007   997
  202  1000   990
  203    46    36
  204   901   891
  205   948   938
  206   750   740
  207   526   516
  208   253   243
  209   859   849
  210   123   113
  211   312   302
  212   667   657
  213   697   687
  214   234   224
  215   864   854
  216    56    46
  217   160   150
  218   410   400
  219   811   801
  220   672   662
  221   684   674
  222   757   747
  223   669   659
  224   158   148
  225   955   945
  226   941   931
  227    47    37
  228   375   365
  229   599   589
  230   626   616
  231    72    62
  232    89    79
  233   881   871
  234   727   717
  235   439   429
  236   749   739
  237   619   609
  238   122   112
  239   362   352
  240   919   909
  241   609   599
  242   305   295
  243   766   756
  244   414   404
  245  1005   995
  246   458   448
  247   916   906
  248   111   101
  249   783   773
  250   187   177
  251   724   714
  252   476   466
  253   933   923
  254   632   622
  255   553   543
  256   386   376
  257   316   306
  258   995   985
  259   545   535
  260   496   486
  261   155   145
  262   910   900
  263   991   981
  264   611   601
  265   368   358
  266   708   698
  267   878   868
  268   870   860
  269   946   936
  270   901   891
  271   628   618
  272   839   829
  273   659   649
  274   912   902
  275   424   414
  276   613   603
  277   127   117
  278   563   553
  279   714   704
  280   421   411
  281   261   251
  282    94    84
  283   734   724
  284  1004   994
  285   897   887
  286   117   107
  287   437   427
  288   951   941
  289    11     1
  290   884   874
  291    56    46
  292   950   940
  293   520   510
  294   941   931
  295   193   183
  296   439   429
  297   706   696
  298   844   834
  299   408   398
  300    70    60
  301   183   173
  302   404   394
  303   774   764
  304   802   792
  305    91    81
  306   411   401
  307   882   872
  308   251   241
  309   291   281
  310   568   558
  311   358   348
  312   592   582
  313   560   550
  314   757   747
  315   957   947
  316   453   443
  317   955   945
  318   983   973
  319   851   841
  320   249   239
  321   219   209
  322   730   720
  323   176   166
  324   813   803
  325   800   790
  326   394   384
  327   995   985
  328   865   855
  329   683   673
  330   460   450
  331   896   886
  332   809   799
  333   780   770
  334    75    65
  335   397   387
  336   948   938
  337  1007   997
  338   582   572
  339   303   293
  340   309   299
  341   204   194
  342   934   924
  343   235   225
  344   362   352
  345   834   824
  346   446   436
  347   643   633
  348   674   664
  349   264   254
  350   211   201
  351   504   494
  352  1004   994
  353   184   174
  354   715   705
  355   711   701
  356   930   920
  357   664   654
  358   586   576
  359   601   591
  360    68    58
  361   509   499
  362    79    69
  363   458   448
  364   569   559
  365   606   596
  366   541   531
  367   590   580
  368   129   119
  369   354   344
  370   373   363
  371   827   817
  372   885   875
  373   568   558
  374    41    31
  375   895   885
  376    56    46
  377   385   375
  378   107    97
  379   535   525
  380    31    21
  381   932   922
  382   284   274
  383   296   286
  384   387   377
  385    94    84
  386   281   271
  387   198   188
  388   944   934
  389   755   745
  390   568   558
  391   807   797
  392   613   603
  393   693   683
  394   592   582
  395   443   433
  396   476   466
  397   560   550
  398   438   428
  399   267   257
  400    36    26
  401    56    46
  402   852   842
  403   378   368
  404   697   687
  405   264   254
  406   700   690
  407   708   698
  408   606   596
  409   520   510
  410   626   616
  411    26    16
  412   656   646
  413   490   480
  414   999   989
  415   215   205
  416   667   657
  417   785   775
  418   378   368
  419   931   921
  420   131   121
  421   662   652
  422   289   279
  423   697   687
  424   585   575
  425   888   878
  426   437   427
  427   814   804
  428   997   987
  429   495   485
  430   595   585
  431   577   567
  432   306   296
  433   774   764
  434   287   277
  435   977   967
  436   477   467
  437   339   329
  438   395   385
  439   408   398
  440   631   621
  441   643   633
  442   605   595
  443  1010  1000
  444   346   336
  445   967   957
  446   487   477
  447   841   831
  448   376   366
  449   677   667
  450   288   278
  451   777   767
  452   431   421
  453   461   451
  454   960   950
  455   627   617
  456   753   743
  457   681   671
  458   928   918
  459   584   574
  460   152   142
  461   895   885
  462   400   390
  463   548   538
  464   519   509
  465   750   740
  466   954   944
  467   756   746
  468   267   257
  469   251   241
  470   659   649
  471   821   811
  472   328   318
  473   279   269
  474   778   768
  475   451   441
  476   464   454
  477    62    52
  478   961   951
  479    82    72
  480   710   700
  481   863   853
  482    57    47
  483   117   107
  484   657   647
  485   963   953
  486   626   616
  487   929   919
  488   940   930
  489   372   362
  490   183   173
  491   716   706
  492   474   464
  493   315   305
  494   184   174
  495    87    77
  496   719   709
  497   278   268
  498    49    39
  499    30    20
  500   329   319
217655
