100
    1    74    81
    2    38    42
    3    65    56
    4    28    25
    5    20    14
    6    68    63
    7    73    75
    8    31    41
    9    26    19
   10    15    12
   11    28    25
   12    39    37
   13    19    10
   14    89    86
   15     1     6
   16    39    46
   17    14     7
   18    11    18
   19    89    79
   20    11     8
   21    41    51
   22    62    53
   23    42    38
   24   102   100
   25    80    82
   26    73    70
   27    17    24
   28    61    57
   29    17    15
   30    97    97
   31    12    19
   32    85    77
   33    79    85
   34    42    35
   35     9     6
   36    22    15
   37   107    98
   38    17    14
   39    12     2
   40    79    80
   41    55    53
   42    72    63
   43    45    48
   44    54    59
   45    32    25
   46    58    56
   47    70    71
   48    24    15
   49    76    81
   50     1     2
   51    75    68
   52    25    34
   53    51    47
   54    75    82
   55    39    46
   56    24    21
   57    85    79
   58    73    80
   59    10     6
   60    63    68
   61     1    10
   62    75    84
   63    84    77
   64    17    24
   65    41    33
   66    10    18
   67    68    58
   68    97   100
   69    23    14
   70    59    55
   71    79    75
   72    82    79
   73     1     4
   74     7     1
   75    20    13
   76    33    42
   77    58    48
   78    55    45
   79    23    18
   80    79    84
   81    49    39
   82     8     3
   83    34    36
   84    82    91
   85    75    79
   86     6    15
   87    80    81
   88     1     6
   89    91    96
   90    56    65
   91     1     2
   92   100    90
   93    49    42
   94    58    57
   95   106    98
   96    76    71
   97    53    59
   98    58    54
   99    55    50
  100    80    90
796
