100
    1   418   500
    2   151   276
    3   168    26
    4   244    79
    5   146   364
    6   165    18
    7   466   301
    8   452   180
    9   347   193
   10   303   266
   11   271   272
   12   299   347
   13   259   160
   14   370   132
   15   431   133
   16   444   469
   17   182   393
   18   174   212
   19   223   201
   20    58   474
   21   350   357
   22    11   420
   23    92   496
   24   288   475
   25     1     1
   26    43   492
   27   312   458
   28     8   288
   29    98   438
   30   437   375
   31    33   150
   32    88   356
   33   352    16
   34    19    25
   35   388   304
   36   121    41
   37   221   472
   38   335   281
   39   211   344
   40   312   239
   41    64   427
   42   394   338
   43   486   306
   44    47   390
   45   287   403
   46   223   459
   47   125   102
   48    69   290
   49   325   419
   50   414    12
   51   147   403
   52   407   424
   53   295   381
   54   221   244
   55   100   113
   56   318   360
   57   115    33
   58   192    19
   59    56   188
   60   319   186
   61   196   129
   62   290   483
   63    54   356
   64    14   371
   65   159   292
   66   201   156
   67   481   389
   68   142   415
   69   361   404
   70   166     2
   71   405    18
   72    51    14
   73   189    50
   74    78   203
   75    63    36
   76   182   285
   77    86   387
   78   241    31
   79   180   197
   80   372   463
   81   227   466
   82   454   314
   83   110   339
   84   142   306
   85   221   422
   86    65   306
   87   262    12
   88   443   260
   89   440   302
   90    79   151
   91   474   337
   92   358    57
   93   154   317
   94    81   440
   95   320    80
   96    11   209
   97    37   289
   98   328   377
   99   377   300
  100   317   424
8970
