100
    1   242   281
    2   442   442
    3   468   356
    4   168   425
    5   377   214
    6   357   263
    7   217    75
    8   419    41
    9   194   319
   10   134   312
   11   487   325
   12   127   237
   13   299   310
   14   430   386
   15   359   306
   16   500   346
   17    30   207
   18   238   118
   19   386   179
   20   169   208
   21   253    51
   22    59   453
   23   140   238
   24    96   500
   25    57   182
   26    70   470
   27   384   324
   28   247   157
   29    86   315
   30    28   497
   31   361   419
   32   456   177
   33    24   285
   34   475   335
   35   339   306
   36   353    15
   37   285    98
   38   483   114
   39   458   202
   40   347   180
   41   368   353
   42   129    63
   43    49   448
   44   303   159
   45   378   125
   46   311   156
   47   336   471
   48   184   415
   49   412   481
   50   437   202
   51    39   468
   52   314   134
   53   383   447
   54   353   182
   55   432   246
   56   162   121
   57   394   279
   58   116   380
   59   480   306
   60   407   468
   61   376   110
   62    50   384
   63   133   277
   64   161    24
   65   182   333
   66    53   218
   67    25   258
   68   281   500
   69   440   214
   70   465   455
   71   125    75
   72    67   279
   73   417   304
   74    85   101
   75   346   413
   76   250   242
   77   406   148
   78    69   345
   79   192   418
   80    11   484
   81    91   139
   82   350     3
   83   201   436
   84   418   491
   85   489   179
   86   244   115
   87   434   281
   88   455   306
   89   244    96
   90   354   165
   91   102   402
   92   197   290
   93   157   242
   94     8    57
   95    36   298
   96   458   471
   97    69    59
   98    68   454
   99   372   350
  100   492   390
4563
