100
    1   742   781
    2   442   942
    3   968   856
    4   168   925
    5   377   714
    6   357   763
    7   217    75
    8   919   541
    9   694   819
   10   134   812
   11   487   825
   12   127   237
   13   299   810
   14   430   886
   15   359   306
   16  1000   846
   17    30   707
   18   238   618
   19   386   679
   20   669   208
   21   753    51
   22    59   953
   23   140   738
   24   596  1000
   25    57   682
   26   570   970
   27   384   824
   28   747   657
   29   586   315
   30    28   497
   31   861   919
   32   956   677
   33   524   785
   34   475   335
   35   339   306
   36   353   515
   37   785    98
   38   483   614
   39   958   202
   40   847   680
   41   868   853
   42   129   563
   43    49   948
   44   303   159
   45   378   125
   46   311   156
   47   836   471
   48   184   915
   49   412   981
   50   437   202
   51    39   468
   52   814   634
   53   883   947
   54   353   182
   55   932   246
   56   662   121
   57   394   279
   58   616   380
   59   480   306
   60   407   468
   61   376   610
   62    50   884
   63   633   277
   64   161   524
   65   682   833
   66   553   718
   67    25   258
   68   281  1000
   69   940   714
   70   465   955
   71   625    75
   72    67   279
   73   417   804
   74   585   601
   75   846   413
   76   750   242
   77   406   648
   78   569   845
   79   192   918
   80    11   484
   81    91   139
   82   850   503
   83   701   936
   84   918   491
   85   489   179
   86   744   115
   87   434   781
   88   955   806
   89   244    96
   90   354   165
   91   602   402
   92   697   790
   93   657   242
   94     8    57
   95    36   798
   96   458   471
   97   569   559
   98    68   954
   99   872   850
  100   992   390
9396
