500
    1   947   937
    2   781   771
    3   263   253
    4   886   876
    5   685   675
    6   887   877
    7   782   772
    8   715   705
    9   175   165
   10  1001   991
   11   229   219
   12   792   782
   13   264   254
   14   281   271
   15   967   957
   16   643   633
   17   336   326
   18   470   460
   19   877   867
   20   842   832
   21   367   357
   22   158   148
   23    78    68
   24   346   336
   25    63    53
   26   690   680
   27   327   317
   28   569   559
   29   104    94
   30   278   268
   31   224   214
   32   459   449
   33   968   958
   34   189   179
   35   603   593
   36    57    47
   37   948   938
   38   906   896
   39   825   815
   40   961   951
   41   480   470
   42   553   543
   43   555   545
   44   542   532
   45   215   205
   46   699   689
   47   242   232
   48   183   173
   49   648   638
   50   400   390
   51   931   921
   52   190   180
   53    45    35
   54   871   861
   55   675   665
   56   847   837
   57   193   183
   58   633   623
   59    26    16
   60    72    62
   61   813   803
   62   580   570
   63   839   829
   64    55    45
   65   487   477
   66   827   817
   67   608   598
   68   310   300
   69   311   301
   70   611   601
   71   220   210
   72    52    42
   73    39    29
   74   296   286
   75   624   614
   76   358   348
   77   831   821
   78   918   908
   79   866   856
   80   251   241
   81   586   576
   82    83    73
   83   205   195
   84   125   115
   85   841   831
   86   753   743
   87   553   543
   88   354   344
   89   970   960
   90   114   104
   91   766   756
   92    58    48
   93   989   979
   94   596   586
   95   165   155
   96   540   530
   97   498   488
   98   276   266
   99   643   633
  100   377   367
  101   282   272
  102   374   364
  103   323   313
  104   602   592
  105   760   750
  106   938   928
  107    71    61
  108   276   266
  109   164   154
  110   947   937
  111   347   337
  112   833   823
  113   244   234
  114   258   248
  115   614   604
  116   971   961
  117   463   453
  118   719   709
  119   941   931
  120   154   144
  121   984   974
  122   655   645
  123   190   180
  124   781   771
  125   523   513
  126   713   703
  127   958   948
  128    37    27
  129   911   901
  130   314   304
  131   543   533
  132   508   498
  133   352   342
  134   520   510
  135   946   936
  136   373   363
  137   679   669
  138   404   394
  139   797   787
  140   269   259
  141   913   903
  142   168   158
  143   185   175
  144   838   828
  145   361   351
  146   552   542
  147   418   408
  148   381   371
  149   291   281
  150  1006   996
  151   380   370
  152    57    47
  153   990   980
  154   957   947
  155   414   404
  156   596   586
  157   764   754
  158   975   965
  159   622   612
  160   295   285
  161   937   927
  162  1010  1000
  163   945   935
  164   173   163
  165    38    28
  166   629   619
  167   637   627
  168   985   975
  169   609   599
  170   312   302
  171   197   187
  172   716   706
  173    99    89
  174   121   111
  175   679   669
  176   430   420
  177   533   523
  178    35    25
  179   134   124
  180   230   220
  181   408   398
  182   537   527
  183   792   782
  184   805   795
  185   784   774
  186   273   263
  187   907   897
  188   428   418
  189   347   337
  190    91    81
  191   504   494
  192   318   308
  193   876   866
  194   600   590
  195   540   530
  196   975   965
  197   903   893
  198   896   886
  199   119   109
  200   284   274
  201   896   886
  202   964   954
  203   651   641
  204   421   411
  205   733   723
  206   834   824
  207   819   809
  208    93    83
  209   612   602
  210   886   876
  211   493   483
  212   962   952
  213   522   512
  214   749   739
  215   598   588
  216   536   526
  217   130   120
  218   949   939
  219   192   182
  220   232   222
  221   374   364
  222   601   591
  223   402   392
  224   981   971
  225   628   618
  226    89    79
  227   892   882
  228   815   805
  229   304   294
  230   389   379
  231   462   452
  232   552   542
  233   626   616
  234    50    40
  235   444   434
  236    20    10
  237   732   722
  238    93    83
  239    80    70
  240   318   308
  241   667   657
  242   349   339
  243   436   426
  244   686   676
  245   871   861
  246   837   827
  247   514   504
  248   134   124
  249   512   502
  250   119   109
  251   714   704
  252   852   842
  253   207   197
  254   100    90
  255   847   837
  256   537   527
  257   518   508
  258    39    29
  259    38    28
  260   152   142
  261    85    75
  262   402   392
  263   108    98
  264   954   944
  265   722   712
  266   911   901
  267   307   297
  268   958   948
  269   156   146
  270   337   327
  271   561   551
  272   615   605
  273    44    34
  274   564   554
  275   222   212
  276   717   707
  277   569   559
  278   646   636
  279   847   837
  280   141   131
  281   134   124
  282   817   807
  283   756   746
  284   932   922
  285   562   552
  286   825   815
  287    74    64
  288   431   421
  289   172   162
  290   231   221
  291   237   227
  292   430   420
  293   561   551
  294   512   502
  295    38    28
  296   798   788
  297   556   546
  298   728   718
  299    85    75
  300   286   276
  301   368   358
  302   584   574
  303   772   762
  304   818   808
  305   357   347
  306   247   237
  307   495   485
  308   739   729
  309   949   939
  310   452   442
  311   723   713
  312   135   125
  313   465   455
  314   673   663
  315    42    32
  316   436   426
  317   509   499
  318   875   865
  319   464   454
  320   888   878
  321   836   826
  322    78    68
  323   718   708
  324   717   707
  325   129   119
  326   877   867
  327   385   375
  328   592   582
  329   524   514
  330   728   718
  331   893   883
  332    40    30
  333    30    20
  334   326   316
  335   299   289
  336   363   353
  337   361   351
  338   609   599
  339   148   138
  340   460   450
  341   542   532
  342   146   136
  343   473   463
  344   785   775
  345   468   458
  346   393   383
  347    41    31
  348   817   807
  349   898   888
  350   422   412
  351   886   876
  352   723   713
  353   969   959
  354    86    76
  355   908   898
  356   281   271
  357   377   367
  358   141   131
  359   815   805
  360    76    66
  361   934   924
  362    98    88
  363    48    38
  364   233   223
  365   111   101
  366   920   910
  367   971   961
  368   488   478
  369   772   762
  370   560   550
  371   232   222
  372    53    43
  373   665   655
  374   948   938
  375   396   386
  376   743   733
  377   187   177
  378   751   741
  379   532   522
  380   134   124
  381   157   147
  382   128   118
  383   166   156
  384   171   161
  385   783   773
  386   853   843
  387   939   929
  388   399   389
  389   908   898
  390   459   449
  391   725   715
  392   421   411
  393   983   973
  394   756   746
  395   441   431
  396   939   929
  397   266   256
  398   594   584
  399   760   750
  400   267   257
  401   898   888
  402   143   133
  403   400   390
  404   513   503
  405   330   320
  406   903   893
  407   514   504
  408   805   795
  409   514   504
  410   797   787
  411   720   710
  412   720   710
  413   299   289
  414   946   936
  415   853   843
  416   491   481
  417   850   840
  418   253   243
  419   824   814
  420   530   520
  421   807   797
  422   956   946
  423   711   701
  424   648   638
  425   338   328
  426   432   422
  427   948   938
  428   484   474
  429   793   783
  430   991   981
  431   598   588
  432   578   568
  433   631   621
  434   690   680
  435   463   453
  436   908   898
  437   412   402
  438   591   581
  439   453   443
  440   382   372
  441   885   875
  442   497   487
  443   568   558
  444   362   352
  445   680   670
  446   283   273
  447   599   589
  448    80    70
  449   639   629
  450   780   770
  451   143   133
  452   143   133
  453   454   444
  454   971   961
  455   536   526
  456   369   359
  457   138   128
  458   492   482
  459   710   700
  460   336   326
  461   792   782
  462   163   153
  463   513   503
  464   566   556
  465   288   278
  466   805   795
  467   961   951
  468   587   577
  469   708   698
  470   223   213
  471   971   961
  472   520   510
  473   120   110
  474   286   276
  475   120   110
  476   264   254
  477   488   478
  478   949   939
  479   368   358
  480   670   660
  481   856   846
  482   844   834
  483   978   968
  484   536   526
  485   420   410
  486   805   795
  487   214   204
  488   483   473
  489   525   515
  490   131   121
  491   938   928
  492   377   367
  493   749   739
  494   683   673
  495   781   771
  496   142   132
  497   303   293
  498   812   802
  499   139   129
  500   409   399
170575
