500
    1    17    18
    2    11    19
    3    12     5
    4    36    26
    5    20    15
    6    70    64
    7    23    28
    8    22    18
    9    54    60
   10    30    21
   11     5    10
   12    57    58
   13     2     3
   14    79    71
   15    64    67
   16   100    91
   17    82    72
   18    14     7
   19    26    24
   20    52    49
   21    67    64
   22    81    78
   23    40    47
   24    54    57
   25    14    19
   26     1     7
   27     8     1
   28    20    26
   29    68    60
   30    51    46
   31    89    80
   32    43    42
   33    50    46
   34    13     8
   35     1     3
   36    77    76
   37    45    55
   38    44    47
   39    69    79
   40    96    97
   41    10     2
   42    22    20
   43    71    65
   44    19    12
   45    72    82
   46    52    53
   47    44    40
   48    62    72
   49    44    50
   50    28    23
   51    39    37
   52    22    23
   53    20    16
   54    99    99
   55    77    87
   56    92    98
   57    76    80
   58    63    65
   59    66    71
   60    15    13
   61    54    55
   62    73    81
   63    25    34
   64     1     9
   65    38    42
   66    96    95
   67     2    11
   68    26    29
   69    87    87
   70    34    40
   71    60    60
   72    38    40
   73     3     5
   74     1     6
   75    59    58
   76    25    27
   77    34    33
   78    21    18
   79    76    75
   80    42    33
   81    82    92
   82    32    24
   83    24    33
   84    15    12
   85    62    56
   86    97    96
   87    50    50
   88    24    15
   89    12     9
   90    31    38
   91    68    71
   92    10    15
   93    89    99
   94    17    14
   95    65    63
   96    49    48
   97    29    28
   98   101    99
   99    51    43
  100    71    67
  101    78    84
  102    40    39
  103    19     9
  104    12     3
  105    66    56
  106    73    65
  107    42    38
  108    11    21
  109    80    81
  110    55    64
  111    36    45
  112    43    34
  113    88    84
  114    22    28
  115    90   100
  116    39    41
  117    68    70
  118    38    40
  119    40    36
  120    89    79
  121    14    22
  122    85    87
  123    21    26
  124    11     9
  125    40    32
  126    10     1
  127    87    78
  128    34    30
  129    22    17
  130    29    22
  131     4     4
  132    20    24
  133    49    57
  134    21    27
  135    48    55
  136    94    85
  137    14    20
  138    16     9
  139   107   100
  140    70    71
  141     6     6
  142    77    67
  143    17    10
  144     3    10
  145    34    24
  146     5     9
  147    84    93
  148    80    74
  149     1     3
  150    47    53
  151    43    52
  152    56    51
  153    16    12
  154   102    99
  155    91    96
  156    89    79
  157    71    61
  158    13    18
  159    49    52
  160    66    68
  161    48    52
  162    53    49
  163    56    49
  164    72    64
  165    56    48
  166    75    81
  167    77    77
  168   105    98
  169    90    96
  170    90    84
  171    86    77
  172     2     8
  173    74    83
  174    33    36
  175    25    21
  176    69    65
  177    41    37
  178    91    96
  179    90    81
  180    20    26
  181    40    50
  182    25    27
  183    12    15
  184    43    43
  185    67    71
  186    25    28
  187    57    53
  188    95    88
  189    72    78
  190    14    20
  191    74    73
  192    23    25
  193    66    63
  194    75    79
  195    58    60
  196    32    40
  197    54    54
  198    41    36
  199    52    61
  200    62    52
  201    28    37
  202    20    11
  203    77    85
  204     4     1
  205    80    89
  206    13     3
  207    90    99
  208    98    88
  209    10     6
  210     8     8
  211    34    43
  212    20    14
  213    88    85
  214    64    63
  215    98    88
  216     1    10
  217    88    87
  218    44    46
  219    78    84
  220    86    89
  221    16    16
  222    15    15
  223    77    84
  224    62    54
  225    94    98
  226    95    98
  227    44    38
  228    27    36
  229    81    86
  230    21    25
  231    77    72
  232    85    77
  233    14    15
  234    60    57
  235    51    56
  236    10     2
  237    49    52
  238    94    88
  239     1     3
  240    55    51
  241    41    32
  242    40    38
  243    67    76
  244    80    82
  245    83    77
  246    38    41
  247    84    80
  248    60    64
  249    25    19
  250    42    39
  251    40    45
  252    51    45
  253    30    27
  254    60    68
  255    18    22
  256     9    19
  257    24    19
  258    29    19
  259    43    42
  260    31    39
  261    56    58
  262    56    48
  263    61    65
  264     1     5
  265     4     2
  266    90   100
  267    83    89
  268    53    58
  269    97    99
  270    70    62
  271    41    42
  272    42    42
  273    74    78
  274    88    85
  275    24    20
  276    33    41
  277     1     5
  278    82    81
  279     1     3
  280    10    11
  281    74    79
  282     6     5
  283    92    98
  284   101    97
  285   104    99
  286    89    79
  287    59    54
  288    16    15
  289    11     3
  290    35    33
  291    97    97
  292    48    42
  293   102    95
  294    10    16
  295    68    65
  296    31    25
  297     1     1
  298    51    61
  299     9    12
  300    13     6
  301    40    31
  302    17     9
  303    87    88
  304    24    28
  305    26    26
  306    97    98
  307    43    38
  308    30    20
  309    58    50
  310    74    66
  311    81    80
  312    42    33
  313    75    73
  314    58    64
  315     9    16
  316    25    29
  317    61    51
  318   105   100
  319    12    17
  320    62    55
  321    97    89
  322    83    73
  323    98    94
  324    29    21
  325    27    28
  326    97    94
  327    63    64
  328     8     1
  329    78    68
  330    89    79
  331    25    26
  332    24    26
  333    35    35
  334    97    87
  335    78    88
  336     6    14
  337    11    21
  338    30    21
  339   104    95
  340    35    42
  341    33    24
  342    86    89
  343    67    64
  344     1     7
  345    24    15
  346    53    45
  347     1     2
  348    30    28
  349    25    20
  350    10     6
  351   102    99
  352    17    11
  353    81    79
  354   103    95
  355    27    31
  356    20    15
  357    46    42
  358    70    62
  359    95    93
  360    76    69
  361    64    72
  362    73    83
  363    87    83
  364    55    45
  365    20    28
  366    99    90
  367    41    35
  368     9    11
  369    45    46
  370    46    53
  371    36    34
  372    27    28
  373    31    34
  374    75    65
  375    55    47
  376    94   100
  377    40    41
  378    21    20
  379    76    78
  380    18    27
  381    31    37
  382    20    10
  383    62    67
  384    92    82
  385    11     6
  386    77    74
  387    12     2
  388    81    77
  389    80    88
  390    26    19
  391    88    93
  392    94    88
  393    67    69
  394    65    57
  395    28    19
  396    17    12
  397    54    62
  398    23    30
  399   103    93
  400    82    72
  401    40    39
  402    82    72
  403    38    32
  404    35    34
  405    68    69
  406    94    87
  407    48    56
  408    13     9
  409    23    17
  410    22    29
  411    79    81
  412    62    66
  413    42    35
  414    17    15
  415    52    58
  416    64    61
  417    36    41
  418    14    11
  419    29    35
  420    63    70
  421    80    88
  422    86    77
  423    25    20
  424    27    30
  425    63    55
  426     6     4
  427    40    41
  428    69    66
  429    38    37
  430     1     4
  431    39    41
  432     3     4
  433    61    56
  434    27    19
  435    67    77
  436    38    31
  437    65    68
  438    16    22
  439    27    28
  440    13    13
  441    94    96
  442    60    67
  443    91    98
  444    52    44
  445    51    46
  446    41    46
  447    15    23
  448    10    11
  449     2     5
  450    88    93
  451    25    35
  452    73    72
  453    39    39
  454   102    94
  455    50    41
  456    91    97
  457    36    45
  458    34    29
  459    32    34
  460   109   100
  461    25    16
  462    31    28
  463    15    16
  464    45    49
  465    86    83
  466    39    44
  467    23    25
  468    37    28
  469    32    29
  470    99    92
  471     1     7
  472     1     1
  473    16    25
  474    66    62
  475    98    98
  476     5    14
  477    74    69
  478    77    79
  479     7    15
  480    85    81
  481    60    54
  482    36    33
  483    77    86
  484    51    44
  485    97    88
  486    85    76
  487    83    89
  488    52    43
  489   100    96
  490   103    95
  491    41    49
  492    97    98
  493    28    19
  494    67    58
  495    91    97
  496    48    53
  497    32    30
  498    91    87
  499    73    79
  500    67    77
12210
