500
    1    18   100
    2    51    76
    3    68    26
    4    44    79
    5    46    64
    6    65    18
    7    66     1
    8    52    80
    9    47    93
   10     3    66
   11    71    72
   12    99    47
   13    59    60
   14    70    32
   15    31    33
   16    44    69
   17    82    93
   18    74    12
   19    23     1
   20    58    74
   21    50    57
   22    11    20
   23    92    96
   24    88    75
   25     1     1
   26    43    92
   27    12    58
   28     8    88
   29    98    38
   30    37    75
   31    33    50
   32    88    56
   33    52    16
   34    19    25
   35    88     4
   36    21    41
   37    21    72
   38    35    81
   39    11    44
   40    12    39
   41    64    27
   42    94    38
   43    86     6
   44    47    90
   45    87     3
   46    23    59
   47    25     2
   48    69    90
   49    25    19
   50    14    12
   51    47     3
   52     7    24
   53    95    81
   54    21    44
   55   100    13
   56    18    60
   57    15    33
   58    92    19
   59    56    88
   60    19    86
   61    96    29
   62    90    83
   63    54    56
   64    14    71
   65    59    92
   66     1    56
   67    81    89
   68    42    15
   69    61     4
   70    66     2
   71     5    18
   72    51    14
   73    89    50
   74    78     3
   75    63    36
   76    82    85
   77    86    87
   78    41    31
   79    80    97
   80    72    63
   81    27    66
   82    54    14
   83    10    39
   84    42     6
   85    21    22
   86    65     6
   87    62    12
   88    43    60
   89    40     2
   90    79    51
   91    74    37
   92    58    57
   93    54    17
   94    81    40
   95    20    80
   96    11     9
   97    37    89
   98    28    77
   99    77   100
  100    17    24
  101    89    81
  102    50    44
  103    83    94
  104    62    96
  105    19     9
  106    51    38
  107    78    63
  108    85    55
  109    10    43
  110    41    53
  111    62    35
  112    26    67
  113    90    49
  114    84    81
  115    90    97
  116    69    39
  117    87    15
  118    61    45
  119    26    49
  120    15    97
  121    34    88
  122    19    49
  123    94    92
  124    55     7
  125    64    61
  126    77    91
  127    41    60
  128    30    24
  129    24    19
  130    61    15
  131    75    34
  132    15    49
  133     8    11
  134    15    56
  135    98    65
  136    64    18
  137    49    97
  138     6     7
  139     3    34
  140    70     4
  141    54    79
  142    69    81
  143    30    75
  144    88    47
  145     8    85
  146    95    90
  147    53    34
  148     7    19
  149    77    61
  150     7    30
  151    17    45
  152    39    49
  153     8    86
  154    12    12
  155     1    62
  156    20    36
  157    94    74
  158    77     3
  159    40     6
  160    65    81
  161    47    77
  162    22    91
  163    42    78
  164    45    46
  165    61    89
  166    93    78
  167    19    27
  168    84     8
  169    54    50
  170    53    29
  171    67    15
  172    38    46
  173    86     9
  174     2    42
  175    27    63
  176    52    55
  177    19    22
  178    74    93
  179    42     2
  180    81    40
  181    27    67
  182    50     9
  183    61    28
  184    81    24
  185    25    89
  186    86    41
  187    53    42
  188     8    97
  189    20    80
  190    39     9
  191    13    98
  192    36    95
  193    86    52
  194   100    28
  195    40    21
  196    26    58
  197    81    36
  198    64    34
  199    79    59
  200    12    45
  201     8    79
  202    34    33
  203    92    51
  204    94    99
  205    46    75
  206    29    97
  207    31    16
  208    20    26
  209     2    71
  210    19     9
  211    89    88
  212    73    28
  213    97    43
  214    57    97
  215    72    86
  216     3    23
  217    87    52
  218    53    32
  219    64    57
  220    83    34
  221    78    58
  222    75    73
  223    64    97
  224    61    12
  225    37    68
  226    64    72
  227    68    31
  228    90    37
  229     1    43
  230    93    59
  231    72    61
  232    59    42
  233    90    45
  234    16    62
  235    32    21
  236     9    52
  237    91     1
  238    53    57
  239    14    29
  240    87    37
  241    17    17
  242    85    99
  243    46    33
  244    44    67
  245    16    30
  246    82    63
  247    64    14
  248    87    58
  249    21    44
  250    66    48
  251    48    51
  252    86    83
  253    28    41
  254    23    66
  255    21    75
  256    49    81
  257   100    92
  258     4     4
  259    95    91
  260    73    21
  261    77    47
  262    90    85
  263    60    79
  264    34    27
  265    41    95
  266    71    10
  267    18     6
  268    39    96
  269    47    53
  270    85    79
  271    74    88
  272    57    43
  273    56    52
  274    17    35
  275    86    37
  276    75    78
  277    22    87
  278     1    62
  279    79    61
  280    35    20
  281    56    69
  282    63    46
  283     7    19
  284    91    51
  285    59    84
  286    36    53
  287    24    51
  288    69    21
  289     3    37
  290    70    55
  291    55    74
  292    67    88
  293    94    32
  294    81    14
  295     6    95
  296    19    83
  297    79    98
  298    63    10
  299    69     6
  300    19    44
  301    72    64
  302    99    63
  303    16    62
  304    86    49
  305    84    95
  306    85    96
  307    71    11
  308    45    89
  309    13    48
  310    48    75
  311    64    98
  312    50    58
  313    58     2
  314    22    10
  315    96    94
  316    24    94
  317    85    45
  318    23    41
  319    90     6
  320     3    77
  321    58    86
  322    61    95
  323    57    44
  324    20    14
  325    27    13
  326    37    35
  327    94    58
  328    55    63
  329    37    42
  330    44    57
  331    95    72
  332    40    47
  333    56    33
  334    70    84
  335    49    74
  336    30    91
  337    15    35
  338    43    35
  339    66    68
  340     2    64
  341    91    97
  342    28    22
  343    43    30
  344    64    16
  345    65    24
  346    33    31
  347    59    12
  348     3    38
  349    20    93
  350    74    99
  351    33    96
  352    85    40
  353    58    68
  354    25    40
  355    90    20
  356    73    13
  357     3    27
  358    26    43
  359    92    83
  360    91    94
  361    92    22
  362    90     5
  363    67    69
  364    79    14
  365    81    30
  366    63    79
  367    55    37
  368    65    12
  369    75    87
  370    61    11
  371    64    32
  372    42    66
  373    58    60
  374    30    42
  375    84    80
  376     5     1
  377    11    67
  378    18    30
  379    92    92
  380     6    89
  381    11    47
  382    67    43
  383    79    20
  384    30    55
  385    94    31
  386    50    35
  387    61    11
  388    96    18
  389    44     6
  390    20    32
  391    24    19
  392    78    65
  393     7    75
  394    78    10
  395    54    12
  396    13    61
  397    14    32
  398     4    60
  399    96    70
  400    84     5
  401    70    80
  402    33    97
  403    24    50
  404    41    71
  405    29    54
  406    16    40
  407     8    82
  408    41    78
  409    82    42
  410    20    54
  411    72    91
  412    16    31
  413    54    85
  414     5    29
  415    31    47
  416    34    86
  417     9    67
  418    29    20
  419    58    24
  420    59    60
  421    57    81
  422    35     7
  423    82     9
  424    43    44
  425    77    96
  426     6    77
  427    10    74
  428    91    16
  429    59    94
  430    34    14
  431    39    95
  432    33    30
  433    86    78
  434    46    89
  435    42    63
  436    83     1
  437    60     6
  438    28   100
  439    57    90
  440     8    75
  441     1    62
  442    19    76
  443    37    16
  444     1    62
  445    33    51
  446    44     4
  447     1    17
  448    73    45
  449    29    79
  450    44    99
  451    96    17
  452    13    65
  453    46    37
  454    67    47
  455    87     2
  456    36    14
  457    28    39
  458    48     2
  459    17    23
  460    55    46
  461    48    45
  462    46    30
  463    56    61
  464    70    30
  465    22    80
  466    64    38
  467    18    90
  468    60    58
  469    32    50
  470    37    89
  471    12    44
  472    15    67
  473    36    58
  474    40    56
  475    25    20
  476    17    19
  477    60    39
  478    72    64
  479    81     1
  480    36    27
  481    45    63
  482    13    47
  483    78    71
  484    78     2
  485    32    65
  486    73     5
  487    54    38
  488    96    68
  489    87    29
  490    35    97
  491    57    71
  492    51    27
  493    98    61
  494    95    35
  495    71    63
  496    62    14
  497    58    87
  498    31    89
  499    96   100
  500    17    14
8372
