500
    1    45    18
    2    17    19
    3    27     5
    4    21    26
    5    22    15
    6    24    14
    7    22    28
    8    42    18
    9     7    10
   10    13    21
   11    14    10
   12    14     8
   13    20     3
   14    11    21
   15     4    17
   16    47    41
   17    27    22
   18    11     7
   19     9    24
   20     4    49
   21    46    14
   22    22    28
   23    37    47
   24    31     7
   25    46    19
   26     7     7
   27    33     1
   28    26    26
   29    11    10
   30     3    46
   31    48    30
   32    21    42
   33    39    46
   34     6     8
   35    44     3
   36    32    26
   37    50     5
   38    46    47
   39     5    29
   40    26    47
   41    19     2
   42    50    20
   43    14    15
   44    42    12
   45    45    32
   46    36     3
   47     5    40
   48    45    22
   49    45    50
   50    40    23
   51     6    37
   52    49    23
   53     8    16
   54    48    49
   55    19    37
   56    25    48
   57    27    30
   58    27    15
   59    33    21
   60    32    13
   61    25     5
   62    31    31
   63    32    34
   64    24     9
   65    27    42
   66    50    45
   67    46    11
   68     2    29
   69    23    37
   70     8    40
   71    36    10
   72    44    40
   73    20     5
   74    28     6
   75    29     8
   76    15    27
   77    17    33
   78    14    18
   79    27    25
   80    24    33
   81    14    42
   82     9    24
   83    10    33
   84     9    12
   85    12     6
   86    35    46
   87    41    50
   88    32    15
   89    29     9
   90    45    38
   91     5    21
   92    26    15
   93     8    49
   94    45    14
   95    47    13
   96    13    48
   97    14    28
   98    47    49
   99    31    43
  100    49    17
  101    17    34
  102    30    39
  103    49     9
  104    22     3
  105    48     6
  106     6    15
  107    13    38
  108     5    21
  109    21    31
  110    31    14
  111    26    45
  112    45    34
  113    34    34
  114    44    28
  115    35    50
  116     6    41
  117    14    20
  118    32    40
  119     5    36
  120     8    29
  121    40    22
  122    47    37
  123    15    26
  124    40     9
  125    32    32
  126     9     1
  127    15    28
  128    29    30
  129    30    17
  130    47    22
  131    33     4
  132    30    24
  133     5     7
  134    35    27
  135    12     5
  136    30    35
  137    47    20
  138    10     9
  139    20    50
  140    50    21
  141    31     6
  142    41    17
  143    22    10
  144     8    10
  145    11    24
  146     7     9
  147    32    43
  148    48    24
  149    43     3
  150    41     3
  151    45     2
  152    23     1
  153    22    12
  154    16    49
  155    25    46
  156    27    29
  157    28    11
  158     2    18
  159     6     2
  160    26    18
  161     7     2
  162    18    49
  163     1    49
  164    10    14
  165    43    48
  166    12    31
  167    18    27
  168    19    48
  169    27    46
  170     2    34
  171    47    27
  172     7     8
  173    31    33
  174     9    36
  175    16    21
  176    33    15
  177    48    37
  178    23    46
  179    37    31
  180    23    26
  181     8    50
  182    36    27
  183    32    15
  184    30    43
  185    38    21
  186    10    28
  187    46     3
  188    21    38
  189    26    28
  190    36    20
  191    11    23
  192     2    25
  193    14    13
  194    45    29
  195    41    10
  196    18    40
  197    17     4
  198     1    36
  199    31    11
  200    31     2
  201    17    37
  202    18    11
  203    39    35
  204    45     1
  205    17    39
  206    23     3
  207    34    49
  208    46    38
  209    27     6
  210    20     8
  211    22    43
  212    10    14
  213    10    35
  214    20    13
  215    26    38
  216    31    10
  217    34    37
  218    30    46
  219    18    34
  220    32    39
  221    36    16
  222     9    15
  223    18    34
  224    15     4
  225     3    48
  226     2    48
  227    15    38
  228    24    36
  229    37    36
  230     9    25
  231    17    22
  232    12    27
  233    47    15
  234    46     7
  235    26     6
  236     9     2
  237    33     2
  238     3    38
  239    26     3
  240    19     1
  241    30    32
  242     6    38
  243    17    26
  244     9    32
  245    18    27
  246    29    41
  247    23    30
  248     6    14
  249     8    19
  250    28    39
  251    31    45
  252    38    45
  253     7    27
  254    17    18
  255    29    22
  256     2    19
  257    28    19
  258     1    19
  259    29    42
  260     7    39
  261    40     8
  262    41    48
  263    12    15
  264    44     5
  265     3     2
  266    23    50
  267    40    39
  268    13     8
  269    48    49
  270    50    12
  271     4    42
  272    29    42
  273    39    28
  274     7    35
  275    30    20
  276    34    41
  277    17     5
  278    47    31
  279    32     3
  280    25    11
  281    46    29
  282    36     5
  283    46    48
  284    44    47
  285     7    49
  286    25    29
  287    37     4
  288    19    15
  289    16     3
  290    23    33
  291     1    47
  292     6    42
  293    30    45
  294    20    16
  295     2    15
  296    49    25
  297    13     1
  298    49    11
  299    40    12
  300    42     6
  301    36    31
  302    36     9
  303    33    38
  304     8    28
  305    26    26
  306    40    48
  307     7    38
  308    27    20
  309    23    50
  310     8    16
  311    11    30
  312    46    33
  313    19    23
  314    40    14
  315    11    16
  316    24    29
  317    22     1
  318    11    50
  319    10    17
  320    38     5
  321    37    39
  322    48    23
  323    28    44
  324    39    21
  325    41    28
  326    13    44
  327    38    14
  328    50     1
  329    24    18
  330    34    29
  331    10    26
  332    14    26
  333    15    35
  334    45    37
  335     1    38
  336    32    14
  337    28    21
  338    25    21
  339     7    45
  340    44    42
  341     2    24
  342    43    39
  343    48    14
  344    50     7
  345    35    15
  346    32    45
  347     2     2
  348    18    28
  349     9    20
  350    49     6
  351    18    49
  352    46    11
  353    44    29
  354    32    45
  355    47    31
  356    45    15
  357    42    42
  358    32    12
  359    36    43
  360    35    19
  361     2    22
  362    45    33
  363    24    33
  364    15    45
  365    28    28
  366    35    40
  367    18    35
  368    40    11
  369    25    46
  370    30     3
  371    49    34
  372    24    28
  373    11    34
  374    20    15
  375     3    47
  376     9    50
  377    12    41
  378    27    20
  379    17    28
  380    31    27
  381    36    37
  382     4    10
  383    27    17
  384     7    32
  385     4     6
  386    47    24
  387    21     2
  388    17    27
  389    31    38
  390    18    19
  391    17    43
  392    42    38
  393     3    19
  394    18     7
  395    28    19
  396    38    12
  397    21    12
  398    20    30
  399    21    43
  400     2    22
  401    43    39
  402    19    22
  403    32    32
  404    23    34
  405    16    19
  406    39    37
  407    14     6
  408    34     9
  409    32    17
  410    13    29
  411    30    31
  412    18    16
  413    49    35
  414    38    15
  415    49     8
  416    41    11
  417    10    41
  418    33    11
  419    16    35
  420    15    20
  421    16    38
  422    35    27
  423    49    20
  424    42    30
  425    40     5
  426    35     4
  427    17    41
  428    25    16
  429    28    37
  430    45     4
  431     5    41
  432    24     4
  433    41     6
  434    22    19
  435    16    27
  436     3    31
  437    47    18
  438    30    22
  439    13    28
  440    21    13
  441    29    46
  442     2    17
  443    20    48
  444    23    44
  445     8    46
  446    21    46
  447     7    23
  448    16    11
  449    28     5
  450    21    43
  451    39    35
  452    47    22
  453     7    39
  454     8    44
  455    33    41
  456    21    47
  457    47    45
  458    18    29
  459    35    34
  460    46    50
  461     9    16
  462    21    28
  463    50    16
  464    43    49
  465    37    33
  466    20    44
  467    20    25
  468     7    28
  469    46    29
  470    35    42
  471    17     7
  472    25     1
  473    40    25
  474     4    12
  475    33    48
  476    22    14
  477    13    19
  478    19    29
  479    17    15
  480    36    31
  481    20     4
  482    27    33
  483     2    36
  484     8    44
  485    44    38
  486    21    26
  487    48    39
  488    37    43
  489    12    46
  490    49    45
  491    50    49
  492    35    48
  493    40    19
  494    11     8
  495     6    47
  496     6     3
  497    11    30
  498    33    37
  499    18    29
  500    49    27
6410
