100
    1   947   937
    2   781   771
    3   263   253
    4   886   876
    5   685   675
    6   887   877
    7   782   772
    8   715   705
    9   175   165
   10  1001   991
   11   229   219
   12   792   782
   13   264   254
   14   281   271
   15   967   957
   16   643   633
   17   336   326
   18   470   460
   19   877   867
   20   842   832
   21   367   357
   22   158   148
   23    78    68
   24   346   336
   25    63    53
   26   690   680
   27   327   317
   28   569   559
   29   104    94
   30   278   268
   31   224   214
   32   459   449
   33   968   958
   34   189   179
   35   603   593
   36    57    47
   37   948   938
   38   906   896
   39   825   815
   40   961   951
   41   480   470
   42   553   543
   43   555   545
   44   542   532
   45   215   205
   46   699   689
   47   242   232
   48   183   173
   49   648   638
   50   400   390
   51   931   921
   52   190   180
   53    45    35
   54   871   861
   55   675   665
   56   847   837
   57   193   183
   58   633   623
   59    26    16
   60    72    62
   61   813   803
   62   580   570
   63   839   829
   64    55    45
   65   487   477
   66   827   817
   67   608   598
   68   310   300
   69   311   301
   70   611   601
   71   220   210
   72    52    42
   73    39    29
   74   296   286
   75   624   614
   76   358   348
   77   831   821
   78   918   908
   79   866   856
   80   251   241
   81   586   576
   82    83    73
   83   205   195
   84   125   115
   85   841   831
   86   753   743
   87   553   543
   88   354   344
   89   970   960
   90   114   104
   91   766   756
   92    58    48
   93   989   979
   94   596   586
   95   165   155
   96   540   530
   97   498   488
   98   276   266
   99   643   633
  100   377   367
32887
