100
    1    21    37
    2    26     3
    3    27    25
    4     5    22
    5    41    15
    6    32    19
    7    21     4
    8    33     7
    9    10    26
   10    32    17
   11    48     7
   12    36    18
   13    30     3
   14     9    17
   15    18    44
   16    49    14
   17    29     8
   18    47    43
   19    46    38
   20     1    15
   21    43    20
   22    32    45
   23    39     5
   24    23    32
   25    40    38
   26    30    21
   27    11    35
   28    37    15
   29    23    33
   30    12    16
   31    20     3
   32    45    29
   33    17    27
   34    50    48
   35     1     1
   36    42    10
   37    36    29
   38    48    14
   39     8    21
   40    41     6
   41    23    26
   42    15    45
   43    43    31
   44    44    43
   45     4    10
   46    48     6
   47    36    29
   48    30     5
   49    16    38
   50    17    33
   51    14    22
   52    42    13
   53    28    50
   54    16    11
   55    37     4
   56    23    37
   57    48    34
   58    11     4
   59     9     3
   60    44    31
   61    45    24
   62    21    30
   63     3    13
   64    27    48
   65     4     1
   66    48    33
   67    10    42
   68    13    36
   69    44    19
   70     9    37
   71     8     3
   72    28    25
   73    42     1
   74    21     8
   75    46    31
   76    47    20
   77    47    30
   78    36     4
   79    15     4
   80    35    12
   81    50    27
   82    13    35
   83    19    28
   84    25    27
   85     2    49
   86     6    37
   87    11    39
   88    20    19
   89    25    23
   90    20    24
   91    27    48
   92    45    32
   93    13    24
   94    18    47
   95    31    37
   96     8    44
   97    40    16
   98    15    30
   99    36    43
  100    24     9
1576
