500
    1    95   218
    2   667   419
    3   177     5
    4   321   426
    5   722    15
    6   974   464
    7   522   528
    8   792   818
    9   807   760
   10   663   721
   11   864   910
   12   664   458
   13   220   703
   14   311   571
   15   504   767
   16   697    91
   17   527   272
   18   111   807
   19    59   724
   20   254   549
   21   946   664
   22   772    78
   23   237   447
   24   981   757
   25   946   319
   26   707   207
   27   433   901
   28    76   726
   29   611   560
   30   653   446
   31   398   380
   32   221   842
   33   989   246
   34   756   908
   35   244   303
   36    82   376
   37   850   655
   38   996   947
   39   655   679
   40   776   797
   41    69     2
   42   850   920
   43   114   665
   44   792   812
   45   195   682
   46   136   953
   47   605   540
   48   145   472
   49    45    50
   50   390   823
   51   256   337
   52   999    23
   53   708   816
   54   898   499
   55   269   787
   56   975   598
   57    27   980
   58   577   465
   59   633    71
   60   232   713
   61   825   455
   62   531    81
   63   282   434
   64   674   409
   65   827   942
   66   850   595
   67   746   711
   68     2   829
   69   973   287
   70    58   240
   71   186   960
   72   844   940
   73   770   105
   74   378   806
   75   279   658
   76   615   327
   77   767   933
   78   914   218
   79   977   475
   80   924   633
   81   364   792
   82    59   124
   83   710   933
   84   559   312
   85   762   856
   86   385   496
   87    91    50
   88   932   715
   89   829   509
   90   995   138
   91   155   271
   92   826   515
   93   458   199
   94   345    14
   95   797   363
   96   563   948
   97   314   828
   98   397   799
   99   881   943
  100   449   267
  101   917   584
  102   930   439
  103    99   509
  104   922   103
  105   448   356
  106    56   665
  107    63   338
  108     5   321
  109   671   281
  110   781   564
  111   626   245
  112   795   934
  113    34   484
  114   244   728
  115   335  1000
  116     6   841
  117   364   170
  118   282   440
  119    55   836
  120   708   979
  121   190   522
  122   947   287
  123    15   726
  124   340   909
  125   232   232
  126   409   501
  127   365   278
  128   679   130
  129   880   517
  130   797   522
  131   883     4
  132   480    24
  133   105   257
  134    35   727
  135   762   355
  136   380   485
  137   397   420
  138   810     9
  139   720  1000
  140   850   971
  141   531   806
  142    41   767
  143   522   410
  144   708   510
  145   761   324
  146   707   409
  147   882   593
  148   148   874
  149   793   203
  150   491   753
  151   945   352
  152   823   951
  153    72   612
  154   216    99
  155   325   596
  156   477    79
  157   578   361
  158   602   118
  159   756    52
  160   326    68
  161   607   252
  162   418   249
  163   351   449
  164   310   764
  165   793   548
  166   262   881
  167   568    77
  168   769   998
  169   627   896
  170   602   984
  171   347   677
  172     7   508
  173   331   283
  174   759   236
  175   816   521
  176   433    65
  177   448   937
  178   623    96
  179   687    81
  180    73   826
  181   108   350
  182   886   627
  183   482   415
  184    30   343
  185   738   371
  186   210   628
  187   846   753
  188   421   888
  189   576   978
  190    36   520
  191   961   373
  192   752    25
  193   414   463
  194   845   479
  195   341   860
  196   218   440
  197   717   454
  198   201   236
  199   931   961
  200   681    52
  201   617   537
  202   318   411
  203   289   385
  204   995   501
  205   767   689
  206   773   403
  207   884    99
  208   496   288
  209   927   906
  210   920   708
  211   422   943
  212   510   714
  213   610   585
  214   770   263
  215   376   888
  216    31   610
  217    84   287
  218   330   746
  219   968   284
  220   932   489
  221   186   116
  222   559   115
  223    68   384
  224   965   154
  225   453   398
  226   652   498
  227   165   438
  228   974   436
  229   237   586
  230   509   825
  231   917   872
  232   412   277
  233   647   815
  234   896   157
  235   776   156
  236   509   302
  237   783   952
  238    53   588
  239   926   903
  240   619   451
  241   430    32
  242   406   638
  243   167   676
  244   209   682
  245    68   477
  246    79   341
  247   173   980
  248   556   464
  249   758   319
  250   478   239
  251   181   245
  252   138   345
  253   457   327
  254   267   968
  255   829   422
  256   502   919
  257    28   819
  258   201    19
  259   679   542
  260    57    39
  261   490   558
  262   691   848
  263   612   265
  264   394   505
  265   253     2
  266   423   500
  267   690   389
  268   863   158
  269   748   999
  270   350   262
  271   654   342
  272   329    42
  273   789   578
  274   657    85
  275   330   120
  276   284   841
  277    67   505
  278   797   181
  279   432     3
  280   875    11
  281   896   979
  282   336   305
  283   596   198
  284   344   497
  285   107   699
  286   825    79
  287   837   254
  288   169   415
  289   716   203
  290   123    33
  291   451   997
  292   356   642
  293   730   195
  294   570   216
  295   802   165
  296   899   825
  297   563   801
  298    99   161
  299   790   412
  300   992   806
  301    36   431
  302   336   809
  303   533   688
  304    58   428
  305    76    26
  306   490    98
  307   207   538
  308    77   120
  309   373   550
  310   908   966
  311   161   580
  312   446   233
  313   419   973
  314   190   864
  315   861   516
  316   124   729
  317   922   351
  318   911   600
  319   210   417
  320   888   755
  321   587   489
  322   898   173
  323   378   794
  324   989   621
  325   391   328
  326   513   194
  327   238   964
  328   600   301
  329   274   668
  330    84   779
  331   660   826
  332   464   326
  333   865   335
  334   995   487
  335   801   588
  336   182   514
  337    28    21
  338   975    21
  339   807   595
  340    94   342
  341   652   124
  342   693   689
  343   448   464
  344   300   507
  345   685   915
  346   482    45
  347   352   402
  348   168   728
  349   909    20
  350   199   306
  351   918   799
  352   546   411
  353   994   979
  354   782   495
  355   747    31
  356   845   215
  357   392   542
  358    82    62
  359   736   493
  360   735   469
  361   952   172
  362   595   283
  363   324   783
  364   415   445
  365   978   928
  366   935   190
  367   268   835
  368   190   211
  369    75    46
  370   530    53
  371   649   834
  372   374   428
  373   311   434
  374   270   165
  375   653   447
  376   509  1000
  377   512   741
  378   627   320
  379   717    78
  380   331   527
  381    36   137
  382   704   910
  383   327   167
  384   207   382
  385   154   506
  386   447   974
  387    21   802
  388   317   377
  389   181   588
  390   868   819
  391    17   193
  392   442   688
  393   903   369
  394   518   857
  395   278   619
  396    38   212
  397   471   162
  398   220   230
  399   221   293
  400   552   672
  401    43   139
  402   569   172
  403   732   832
  404   373   434
  405   366   969
  406    89   387
  407   864   856
  408   434   209
  409    82   517
  410   313   729
  411   580    81
  412   668   166
  413   999   935
  414   138   715
  415   399   458
  416   391   661
  417   810   941
  418   333   411
  419   466   835
  420   315   370
  421   166   988
  422   135   177
  423   799   520
  424   992   830
  425   390   555
  426   335   204
  427   867   541
  428   475   466
  429   728    37
  430   595   904
  431   555   241
  432   774   704
  433   491   756
  434   422   919
  435   866    77
  436   203   431
  437   297   568
  438   380   322
  439   313   428
  440   921   813
  441   229   296
  442   852   567
  443   270   898
  444   973    44
  445   358    46
  446   621   946
  447   757   823
  448   666   911
  449   378   405
  450   321   493
  451    89   435
  452   697   372
  453   107   939
  454   508   794
  455   883   841
  456   321   497
  457   597   545
  458   668   229
  459   385   134
  460   896   600
  461   709   616
  462   371    28
  463   400   816
  464   943   549
  465   387   483
  466   320   344
  467   970   225
  468    57   628
  469   896   529
  470   585   692
  471   817   507
  472   275   701
  473   840   625
  474   404   962
  475   233   898
  476   222   914
  477   713    69
  478   569   579
  479    17    15
  480   736   181
  481   770   954
  482   177   933
  483     2   186
  484   358   844
  485   444   588
  486   521   676
  487   798   789
  488   437   543
  489   212   196
  490   399   995
  491   650   349
  492   835   198
  493   390   219
  494   411   258
  495   956   297
  496   706   453
  497   611   230
  498   183   687
  499   268   379
  500   949   377
124460
