100
    1   791   781
    2   752   742
    3   952   942
    4   452   442
    5   866   856
    6   978   968
    7   935   925
    8   178   168
    9   724   714
   10   387   377
   11   773   763
   12   367   357
   13    85    75
   14   227   217
   15   551   541
   16   929   919
   17   829   819
   18   704   694
   19   822   812
   20   144   134
   21   835   825
   22   497   487
   23   247   237
   24   137   127
   25   820   810
   26   309   299
   27   896   886
   28   440   430
   29   316   306
   30   369   359
   31   856   846
   32  1010  1000
   33   717   707
   34    40    30
   35   628   618
   36   248   238
   37   689   679
   38   396   386
   39   218   208
   40   679   669
   41    61    51
   42   763   753
   43   963   953
   44    69    59
   45   748   738
   46   150   140
   47  1010  1000
   48   606   596
   49   692   682
   50    67    57
   51   980   970
   52   580   570
   53   834   824
   54   394   384
   55   667   657
   56   757   747
   57   325   315
   58   596   586
   59   507   497
   60    38    28
   61   929   919
   62   871   861
   63   687   677
   64   966   956
   65   795   785
   66   534   524
   67   345   335
   68   485   475
   69   316   306
   70   349   339
   71   525   515
   72   363   353
   73   108    98
   74   795   785
   75   624   614
   76   493   483
   77   212   202
   78   968   958
   79   690   680
   80   857   847
   81   863   853
   82   878   868
   83   573   563
   84   139   129
   85   958   948
   86    59    49
   87   169   159
   88   313   303
   89   135   125
   90   388   378
   91   166   156
   92   321   311
   93   481   471
   94   846   836
   95   925   915
   96   194   184
   97   991   981
   98   422   412
   99   212   202
  100   447   437
8998
