500
    1   717   781
    2   857   942
    3   937   856
    4   931   925
    5   762   714
    6   711   763
    7   115    75
    8   582   541
    9   856   819
   10   845   812
   11   894   825
   12   248   237
   13   909   810
   14   865   886
   15   341   306
   16   920   846
   17   771   707
   18   659   618
   19   692   679
   20   223   208
   21   122    51
   22   953   953
   23   703   738
   24   933  1000
   25   749   682
   26  1003   970
   27   889   824
   28   721   657
   29   272   315
   30   476   497
   31   930   919
   32   613   677
   33   848   785
   34   273   335
   35   231   306
   36   486   515
   37   155    98
   38   644   614
   39   203   202
   40   652   680
   41   771   853
   42   530   563
   43   864   948
   44   220   159
   45   162   125
   46    56   156
   47   380   471
   48   849   915
   49   937   981
   50   219   202
   51   424   468
   52   565   634
   53   912   947
   54   130   182
   55   146   246
   56    31   121
   57   213   279
   58   283   380
   59   250   306
   60   448   468
   61   604   610
   62   974   884
   63   284   277
   64   475   524
   65   859   833
   66   695   718
   67   241   258
   68  1027  1000
   69   726   714
   70  1007   955
   71    64    75
   72   249   279
   73   759   804
   74   544   601
   75   417   413
   76   161   242
   77   736   648
   78   891   845
   79   935   918
   80   452   484
   81    62   139
   82   409   503
   83   856   936
   84   446   491
   85   202   179
   86   211   115
   87   711   781
   88   768   806
   89   160    96
   90   171   165
   91   484   402
   92   767   790
   93   207   242
   94     1    57
   95   707   798
   96   506   471
   97   493   559
   98   868   954
   99   777   850
  100   329   390
  101  1008   979
  102   556   650
  103    76    80
  104   645   690
  105   845   863
  106   264   220
  107   723   797
  108   789   788
  109   629   604
  110   139   135
  111   847   816
  112   265   209
  113     1    23
  114   187   227
  115   590   603
  116   507   428
  117   544   469
  118   592   643
  119    98    63
  120   676   606
  121   430   445
  122    75    10
  123   380   457
  124   939   912
  125   475   499
  126   276   288
  127   571   633
  128   447   525
  129   630   728
  130   381   317
  131   848   863
  132   906   875
  133   130   156
  134   558   586
  135   486   582
  136    88   160
  137   478   383
  138   611   604
  139    69    75
  140   106    46
  141   295   361
  142     1     2
  143   644   741
  144   543   593
  145   657   647
  146   783   772
  147   660   676
  148   726   757
  149   777   710
  150    73   108
  151   579   531
  152   947   946
  153   969   951
  154   494   518
  155   683   719
  156    10     2
  157  1046   980
  158   299   289
  159   148   159
  160   551   487
  161   192   103
  162   428   332
  163    13   108
  164   638   735
  165   286   231
  166   896   876
  167   349   384
  168   345   417
  169   503   603
  170   794   867
  171   357   352
  172   746   791
  173   718   742
  174   734   647
  175   535   596
  176   703   636
  177   613   700
  178   524   491
  179   267   316
  180    56    61
  181   387   393
  182   986   998
  183   321   234
  184    26   106
  185   140   206
  186   177   247
  187   181   140
  188   738   699
  189   538   581
  190   799   707
  191    29    16
  192   845   764
  193   893   842
  194   486   578
  195   736   783
  196    98    83
  197   272   225
  198    98    39
  199   555   564
  200   920   847
  201    33    28
  202   469   454
  203   588   516
  204   400   496
  205   871   868
  206   919   982
  207   502   526
  208   350   371
  209     1    37
  210   369   303
  211   204   234
  212   945   933
  213   334   292
  214   726   722
  215   364   291
  216   799   845
  217   639   618
  218   763   717
  219   161   239
  220   389   388
  221   582   599
  222   156   230
  223   888   811
  224   467   477
  225   140   129
  226    34    37
  227   392   425
  228   395   447
  229   539   501
  230   828   884
  231   926   859
  232   248   208
  233    89    82
  234   504   568
  235   935   879
  236   625   601
  237   516   443
  238  1024   927
  239   695   754
  240   866   830
  241   306   403
  242   333   361
  243   647   591
  244   347   253
  245   613   592
  246   855   784
  247   914   847
  248   782   851
  249   618   562
  250   707   650
  251   843   864
  252   729   828
  253   129   146
  254    85   171
  255   275   321
  256   172   242
  257  1009   966
  258   901   998
  259     1    41
  260    14     2
  261    67   137
  262   785   715
  263   412   484
  264   860   948
  265   450   389
  266   127   119
  267   126    32
  268   586   641
  269   773   706
  270   353   297
  271   773   833
  272   493   445
  273   915   933
  274   938   976
  275   141   147
  276   234   308
  277   647   668
  278    68   136
  279  1018   926
  280    44    38
  281    78   166
  282   615   588
  283   534   441
  284   576   604
  285   345   278
  286     1    18
  287    33    41
  288    94    18
  289   584   670
  290   344   276
  291   364   344
  292   567   533
  293    38    78
  294   461   419
  295    41    24
  296    42   140
  297   898   996
  298   212   260
  299     1     7
  300   827   881
  301   649   698
  302   182   108
  303   718   635
  304   773   863
  305    84   173
  306   242   301
  307   466   485
  308   736   659
  309   521   545
  310   870   777
  311   910   823
  312   793   884
  313   699   632
  314   623   555
  315   519   463
  316   346   260
  317   357   346
  318   907   875
  319   115   196
  320  1043   990
  321   434   484
  322   435   424
  323   989   901
  324     1     8
  325   968   899
  326   345   269
  327   399   351
  328    62    24
  329   246   215
  330   444   534
  331   568   517
  332  1056   969
  333   405   330
  334   567   482
  335   483   559
  336   589   677
  337   144    48
  338   247   240
  339   868   950
  340   180   185
  341   482   471
  342   763   764
  343   275   195
  344   294   318
  345   686   726
  346   186   216
  347   910   829
  348   383   355
  349   688   767
  350    41   101
  351   920   986
  352   118    62
  353   183   158
  354   426   386
  355   627   602
  356   651   618
  357   275   313
  358   911   833
  359    86    72
  360    72   120
  361   578   671
  362   582   526
  363   388   354
  364   943   992
  365   625   531
  366  1053   969
  367   239   238
  368   115   214
  369   679   729
  370   174   168
  371   794   837
  372   147   103
  373   131    85
  374   450   520
  375   580   522
  376    24     3
  377   899   992
  378    98   131
  379   337   305
  380    33    50
  381   485   556
  382   586   569
  383   704   674
  384   661   737
  385   857   949
  386    96   105
  387   179   229
  388     1    68
  389   359   431
  390   195   246
  391   190   244
  392   815   851
  393   229   180
  394   656   572
  395   790   806
  396   687   703
  397   705   701
  398   552   497
  399    10    48
  400    67   147
  401   180   230
  402     1    15
  403   706   667
  404   251   317
  405   676   740
  406   785   686
  407   272   315
  408   297   340
  409   526   568
  410   177   180
  411   986   900
  412   280   297
  413   607   626
  414   118   134
  415   210   237
  416   663   704
  417   555   592
  418   696   630
  419   230   214
  420   321   349
  421   543   567
  422   695   636
  423   143   107
  424   694   665
  425   711   638
  426   646   559
  427   221   208
  428   671   757
  429   822   760
  430   633   731
  431   276   348
  432   543   555
  433   402   399
  434   170   250
  435   735   648
  436   342   378
  437   250   243
  438    77    77
  439   834   743
  440   148   128
  441   545   627
  442   638   586
  443   695   733
  444   342   279
  445    98    65
  446   477   453
  447    21     2
  448  1003   986
  449   488   552
  450   577   496
  451   325   406
  452   823   759
  453   456   534
  454   523   509
  455   422   364
  456   115   124
  457   320   340
  458   233   176
  459   984   913
  460   155    91
  461   316   267
  462   628   631
  463   272   307
  464   343   304
  465   684   686
  466   846   939
  467   450   356
  468   782   879
  469   405   372
  470   199   295
  471   645   590
  472    45    32
  473   201   292
  474   602   549
  475   121   141
  476   616   533
  477   836   800
  478    75   150
  479   127   194
  480   563   472
  481   764   773
  482   797   760
  483   812   749
  484   329   351
  485   396   343
  486   167   135
  487   789   888
  488  1028   986
  489   935   871
  490   612   606
  491  1022  1000
  492   628   657
  493   860   902
  494   263   205
  495    92    36
  496   758   784
  497    62   145
  498   462   490
  499   339   422
  500   819   844
41406
