500
    1    47    37
    2    31    21
    3    13     3
    4    36    26
    5    35    25
    6    37    27
    7    32    22
    8    15     5
    9    25    15
   10    51    41
   11    29    19
   12    42    32
   13    14     4
   14    31    21
   15    17     7
   16    43    33
   17    36    26
   18    20    10
   19    27    17
   20    42    32
   21    17     7
   22    58    48
   23    28    18
   24    46    36
   25    13     3
   26    40    30
   27    27    17
   28    19     9
   29    54    44
   30    28    18
   31    24    14
   32    59    49
   33    18     8
   34    39    29
   35    53    43
   36    57    47
   37    48    38
   38    56    46
   39    25    15
   40    11     1
   41    30    20
   42    53    43
   43    55    45
   44    42    32
   45    15     5
   46    49    39
   47    42    32
   48    33    23
   49    48    38
   50    50    40
   51    31    21
   52    40    30
   53    45    35
   54    21    11
   55    25    15
   56    47    37
   57    43    33
   58    33    23
   59    26    16
   60    22    12
   61    13     3
   62    30    20
   63    39    29
   64    55    45
   65    37    27
   66    27    17
   67    58    48
   68    60    50
   69    11     1
   70    11     1
   71    20    10
   72    52    42
   73    39    29
   74    46    36
   75    24    14
   76    58    48
   77    31    21
   78    18     8
   79    16     6
   80    51    41
   81    36    26
   82    33    23
   83    55    45
   84    25    15
   85    41    31
   86    53    43
   87    53    43
   88    54    44
   89    20    10
   90    14     4
   91    16     6
   92    58    48
   93    39    29
   94    46    36
   95    15     5
   96    40    30
   97    48    38
   98    26    16
   99    43    33
  100    27    17
  101    32    22
  102    24    14
  103    23    13
  104    52    42
  105    60    50
  106    38    28
  107    21    11
  108    26    16
  109    14     4
  110    47    37
  111    47    37
  112    33    23
  113    44    34
  114    58    48
  115    14     4
  116    21    11
  117    13     3
  118    19     9
  119    41    31
  120    54    44
  121    34    24
  122    55    45
  123    40    30
  124    31    21
  125    23    13
  126    13     3
  127    58    48
  128    37    27
  129    11     1
  130    14     4
  131    43    33
  132    58    48
  133    52    42
  134    20    10
  135    46    36
  136    23    13
  137    29    19
  138    54    44
  139    47    37
  140    19     9
  141    13     3
  142    18     8
  143    35    25
  144    38    28
  145    11     1
  146    52    42
  147    18     8
  148    31    21
  149    41    31
  150    56    46
  151    30    20
  152    57    47
  153    40    30
  154    57    47
  155    14     4
  156    46    36
  157    14     4
  158    25    15
  159    22    12
  160    45    35
  161    37    27
  162    60    50
  163    45    35
  164    23    13
  165    38    28
  166    29    19
  167    37    27
  168    35    25
  169    59    49
  170    12     2
  171    47    37
  172    16     6
  173    49    39
  174    21    11
  175    29    19
  176    30    20
  177    33    23
  178    35    25
  179    34    24
  180    30    20
  181    58    48
  182    37    27
  183    42    32
  184    55    45
  185    34    24
  186    23    13
  187    57    47
  188    28    18
  189    47    37
  190    41    31
  191    54    44
  192    18     8
  193    26    16
  194    50    40
  195    40    30
  196    25    15
  197    53    43
  198    46    36
  199    19     9
  200    34    24
  201    46    36
  202    14     4
  203    51    41
  204    21    11
  205    33    23
  206    34    24
  207    19     9
  208    43    33
  209    12     2
  210    36    26
  211    43    33
  212    12     2
  213    22    12
  214    49    39
  215    48    38
  216    36    26
  217    30    20
  218    49    39
  219    42    32
  220    32    22
  221    24    14
  222    51    41
  223    52    42
  224    31    21
  225    28    18
  226    39    29
  227    42    32
  228    15     5
  229    54    44
  230    39    29
  231    12     2
  232    52    42
  233    26    16
  234    50    40
  235    44    34
  236    20    10
  237    32    22
  238    43    33
  239    30    20
  240    18     8
  241    17     7
  242    49    39
  243    36    26
  244    36    26
  245    21    11
  246    37    27
  247    14     4
  248    34    24
  249    12     2
  250    19     9
  251    14     4
  252    52    42
  253    57    47
  254    50    40
  255    47    37
  256    37    27
  257    18     8
  258    39    29
  259    38    28
  260    52    42
  261    35    25
  262    52    42
  263    58    48
  264    54    44
  265    22    12
  266    11     1
  267    57    47
  268    58    48
  269    56    46
  270    37    27
  271    11     1
  272    15     5
  273    44    34
  274    14     4
  275    22    12
  276    17     7
  277    19     9
  278    46    36
  279    47    37
  280    41    31
  281    34    24
  282    17     7
  283    56    46
  284    32    22
  285    12     2
  286    25    15
  287    24    14
  288    31    21
  289    22    12
  290    31    21
  291    37    27
  292    30    20
  293    11     1
  294    12     2
  295    38    28
  296    48    38
  297    56    46
  298    28    18
  299    35    25
  300    36    26
  301    18     8
  302    34    24
  303    22    12
  304    18     8
  305    57    47
  306    47    37
  307    45    35
  308    39    29
  309    49    39
  310    52    42
  311    23    13
  312    35    25
  313    15     5
  314    23    13
  315    42    32
  316    36    26
  317    59    49
  318    25    15
  319    14     4
  320    38    28
  321    36    26
  322    28    18
  323    18     8
  324    17     7
  325    29    19
  326    27    17
  327    35    25
  328    42    32
  329    24    14
  330    28    18
  331    43    33
  332    40    30
  333    30    20
  334    26    16
  335    49    39
  336    13     3
  337    11     1
  338    59    49
  339    48    38
  340    60    50
  341    42    32
  342    46    36
  343    23    13
  344    35    25
  345    18     8
  346    43    33
  347    41    31
  348    17     7
  349    48    38
  350    22    12
  351    36    26
  352    23    13
  353    19     9
  354    36    26
  355    58    48
  356    31    21
  357    27    17
  358    41    31
  359    15     5
  360    26    16
  361    34    24
  362    48    38
  363    48    38
  364    33    23
  365    11     1
  366    20    10
  367    21    11
  368    38    28
  369    22    12
  370    60    50
  371    32    22
  372    53    43
  373    15     5
  374    48    38
  375    46    36
  376    43    33
  377    37    27
  378    51    41
  379    32    22
  380    34    24
  381    57    47
  382    28    18
  383    16     6
  384    21    11
  385    33    23
  386    53    43
  387    39    29
  388    49    39
  389    58    48
  390    59    49
  391    25    15
  392    21    11
  393    33    23
  394    56    46
  395    41    31
  396    39    29
  397    16     6
  398    44    34
  399    60    50
  400    17     7
  401    48    38
  402    43    33
  403    50    40
  404    13     3
  405    30    20
  406    53    43
  407    14     4
  408    55    45
  409    14     4
  410    47    37
  411    20    10
  412    20    10
  413    49    39
  414    46    36
  415    53    43
  416    41    31
  417    50    40
  418    53    43
  419    24    14
  420    30    20
  421    57    47
  422    56    46
  423    11     1
  424    48    38
  425    38    28
  426    32    22
  427    48    38
  428    34    24
  429    43    33
  430    41    31
  431    48    38
  432    28    18
  433    31    21
  434    40    30
  435    13     3
  436    58    48
  437    12     2
  438    41    31
  439    53    43
  440    32    22
  441    35    25
  442    47    37
  443    18     8
  444    12     2
  445    30    20
  446    33    23
  447    49    39
  448    30    20
  449    39    29
  450    30    20
  451    43    33
  452    43    33
  453    54    44
  454    21    11
  455    36    26
  456    19     9
  457    38    28
  458    42    32
  459    60    50
  460    36    26
  461    42    32
  462    13     3
  463    13     3
  464    16     6
  465    38    28
  466    55    45
  467    11     1
  468    37    27
  469    58    48
  470    23    13
  471    21    11
  472    20    10
  473    20    10
  474    36    26
  475    20    10
  476    14     4
  477    38    28
  478    49    39
  479    18     8
  480    20    10
  481    56    46
  482    44    34
  483    28    18
  484    36    26
  485    20    10
  486    55    45
  487    14     4
  488    33    23
  489    25    15
  490    31    21
  491    38    28
  492    27    17
  493    49    39
  494    33    23
  495    31    21
  496    42    32
  497    53    43
  498    12     2
  499    39    29
  500    59    49
8308
