100
    1   771   937
    2   876   253
    3   877   675
    4   705   772
    5   991   165
    6   782   219
    7   271   254
    8   633   957
    9   460   326
   10   832   867
   11   148   357
   12   336    68
   13   680    53
   14   559   317
   15   268    94
   16   449   214
   17   179   958
   18    47   593
   19   896   938
   20   951   815
   21   543   470
   22   532   545
   23   689   205
   24   173   232
   25   390   638
   26   180   921
   27   861    35
   28   837   665
   29   623   183
   30    62    16
   31   570   803
   32    45   829
   33   817   477
   34   300   598
   35   601   301
   36    42   210
   37   286    29
   38   348   614
   39   908   821
   40   241   856
   41    73   576
   42   115   195
   43   743   831
   44   344   543
   45   104   960
   46    48   756
   47   586   979
   48   530   155
   49   266   488
   50   367   633
   51   364   272
   52   592   313
   53   928   750
   54   266    61
   55   937   154
   56   823   337
   57   248   234
   58   961   604
   59   709   453
   60   144   931
   61   645   974
   62   771   180
   63   703   513
   64    27   948
   65   304   901
   66   498   533
   67   510   342
   68   363   936
   69   394   669
   70   259   787
   71   158   903
   72   828   175
   73   542   351
   74   371   408
   75   996   281
   76    47   370
   77   947   980
   78   586   404
   79   965   754
   80   285   612
   81  1000   927
   82   163   935
   83   619    28
   84   975   627
   85   302   599
   86   706   187
   87   111    89
   88   420   669
   89    25   523
   90   220   124
   91   527   398
   92   795   782
   93   263   774
   94   418   897
   95    81   337
   96   308   494
   97   590   866
   98   965   530
   99   886   893
  100   274   109
34876
