500
    1    95    18
    2    67    19
    3    77     5
    4    21    26
    5    22    15
    6    74    64
    7    22    28
    8    92    18
    9     7    60
   10    63    21
   11    64    10
   12    64    58
   13    20     3
   14    11    71
   15     4    67
   16    97    91
   17    27    72
   18    11     7
   19    59    24
   20    54    49
   21    46    64
   22    72    78
   23    37    47
   24    81    57
   25    46    19
   26     7     7
   27    33     1
   28    76    26
   29    11    60
   30    53    46
   31    98    80
   32    21    42
   33    89    46
   34    56     8
   35    44     3
   36    82    76
   37    50    55
   38    96    47
   39    55    79
   40    76    97
   41    69     2
   42    50    20
   43    14    65
   44    92    12
   45    95    82
   46    36    53
   47     5    40
   48    45    72
   49    45    50
   50    90    23
   51    56    37
   52    99    23
   53     8    16
   54    98    99
   55    69    87
   56    75    98
   57    27    80
   58    77    65
   59    33    71
   60    32    13
   61    25    55
   62    31    81
   63    82    34
   64    74     9
   65    27    42
   66    50    95
   67    46    11
   68     2    29
   69    73    87
   70    58    40
   71    86    60
   72    44    40
   73    70     5
   74    78     6
   75    79    58
   76    15    27
   77    67    33
   78    14    18
   79    77    75
   80    24    33
   81    64    92
   82    59    24
   83    10    33
   84    59    12
   85    62    56
   86    85    96
   87    91    50
   88    32    15
   89    29     9
   90    95    38
   91    55    71
   92    26    15
   93    58    99
   94    45    14
   95    97    63
   96    63    48
   97    14    28
   98    97    99
   99    81    43
  100    49    67
  101    17    84
  102    30    39
  103    99     9
  104    22     3
  105    48    56
  106    56    65
  107    63    38
  108     5    21
  109    71    81
  110    81    64
  111    26    45
  112    95    34
  113    34    84
  114    44    28
  115    35   100
  116     6    41
  117    64    70
  118    82    40
  119    55    36
  120     8    79
  121    90    22
  122    47    87
  123    15    26
  124    40     9
  125    32    32
  126     9     1
  127    65    78
  128    79    30
  129    80    17
  130    97    22
  131    83     4
  132    80    24
  133     5    57
  134    35    27
  135    62    55
  136    80    85
  137    97    20
  138    10     9
  139    20   100
  140    50    71
  141    31     6
  142    41    67
  143    22    10
  144     8    10
  145    61    24
  146     7     9
  147    82    93
  148    48    74
  149    93     3
  150    91    53
  151    45    52
  152    23    51
  153    72    12
  154    16    99
  155    25    96
  156    77    79
  157    78    61
  158     2    18
  159    56    52
  160    26    68
  161     7    52
  162    18    49
  163    51    49
  164    10    64
  165    93    48
  166    62    81
  167    68    77
  168    69    98
  169    27    96
  170     2    84
  171    47    77
  172     7     8
  173    31    83
  174    59    36
  175    16    21
  176    33    65
  177    48    37
  178    23    96
  179    87    81
  180    73    26
  181     8    50
  182    86    27
  183    82    15
  184    30    43
  185    38    71
  186    10    28
  187    46    53
  188    21    88
  189    76    78
  190    36    20
  191    61    73
  192    52    25
  193    14    63
  194    45    79
  195    41    60
  196    18    40
  197    17    54
  198     1    36
  199    31    61
  200    81    52
  201    17    37
  202    18    11
  203    89    85
  204    95     1
  205    67    89
  206    73     3
  207    84    99
  208    96    88
  209    27     6
  210    20     8
  211    22    43
  212    10    14
  213    10    85
  214    70    63
  215    76    88
  216    31    10
  217    84    87
  218    30    46
  219    68    84
  220    32    89
  221    86    16
  222    59    15
  223    68    84
  224    65    54
  225    53    98
  226    52    98
  227    65    38
  228    74    36
  229    37    86
  230     9    25
  231    17    72
  232    12    77
  233    47    15
  234    96    57
  235    76    56
  236     9     2
  237    83    52
  238    53    88
  239    26     3
  240    19    51
  241    30    32
  242     6    38
  243    67    76
  244     9    82
  245    68    77
  246    79    41
  247    73    80
  248    56    64
  249    58    19
  250    78    39
  251    81    45
  252    38    45
  253    57    27
  254    67    68
  255    29    22
  256     2    19
  257    28    19
  258     1    19
  259    79    42
  260    57    39
  261    90    58
  262    91    48
  263    12    65
  264    94     5
  265    53     2
  266    23   100
  267    90    89
  268    63    58
  269    48    99
  270    50    62
  271    54    42
  272    29    42
  273    89    78
  274    57    85
  275    30    20
  276    84    41
  277    67     5
  278    97    81
  279    32     3
  280    75    11
  281    96    79
  282    36     5
  283    96    98
  284    44    97
  285     7    99
  286    25    79
  287    37    54
  288    69    15
  289    16     3
  290    23    33
  291    51    97
  292    56    42
  293    30    95
  294    70    16
  295     2    65
  296    99    25
  297    63     1
  298    99    61
  299    90    12
  300    92     6
  301    36    31
  302    36     9
  303    33    88
  304    58    28
  305    76    26
  306    90    98
  307     7    38
  308    77    20
  309    73    50
  310     8    66
  311    61    80
  312    46    33
  313    19    73
  314    90    64
  315    61    16
  316    24    29
  317    22    51
  318    11   100
  319    10    17
  320    88    55
  321    87    89
  322    98    73
  323    78    94
  324    89    21
  325    91    28
  326    13    94
  327    38    64
  328   100     1
  329    74    68
  330    84    79
  331    60    26
  332    64    26
  333    65    35
  334    95    87
  335     1    88
  336    82    14
  337    28    21
  338    75    21
  339     7    95
  340    94    42
  341    52    24
  342    93    89
  343    48    64
  344   100     7
  345    85    15
  346    82    45
  347    52     2
  348    68    28
  349     9    20
  350    99     6
  351    18    99
  352    46    11
  353    94    79
  354    82    95
  355    47    31
  356    45    15
  357    92    42
  358    82    62
  359    36    93
  360    35    69
  361    52    72
  362    95    83
  363    24    83
  364    15    45
  365    78    28
  366    35    90
  367    68    35
  368    90    11
  369    75    46
  370    30    53
  371    49    34
  372    74    28
  373    11    34
  374    70    65
  375    53    47
  376     9   100
  377    12    41
  378    27    20
  379    17    78
  380    31    27
  381    36    37
  382     4    10
  383    27    67
  384     7    82
  385    54     6
  386    47    74
  387    21     2
  388    17    77
  389    81    88
  390    68    19
  391    17    93
  392    42    88
  393     3    69
  394    18    57
  395    78    19
  396    38    12
  397    71    62
  398    20    30
  399    21    93
  400    52    72
  401    43    39
  402    69    72
  403    32    32
  404    73    34
  405    66    69
  406    89    87
  407    64    56
  408    34     9
  409    82    17
  410    13    29
  411    80    81
  412    68    66
  413    99    35
  414    38    15
  415    99    58
  416    91    61
  417    10    41
  418    33    11
  419    66    35
  420    15    70
  421    66    88
  422    35    77
  423    99    20
  424    92    30
  425    90    55
  426    35     4
  427    67    41
  428    75    66
  429    28    37
  430    95     4
  431    55    41
  432    74     4
  433    91    56
  434    22    19
  435    66    77
  436     3    31
  437    97    68
  438    80    22
  439    13    28
  440    21    13
  441    29    96
  442    52    67
  443    70    98
  444    73    44
  445    58    46
  446    21    46
  447    57    23
  448    66    11
  449    78     5
  450    21    93
  451    89    35
  452    97    72
  453     7    39
  454     8    94
  455    83    41
  456    21    97
  457    97    45
  458    68    29
  459    85    34
  460    96   100
  461     9    16
  462    71    28
  463   100    16
  464    43    49
  465    87    83
  466    20    44
  467    70    25
  468    57    28
  469    96    29
  470    85    92
  471    17     7
  472    75     1
  473    40    25
  474     4    62
  475    33    98
  476    22    14
  477    13    69
  478    69    79
  479    17    15
  480    36    81
  481    70    54
  482    77    33
  483     2    86
  484    58    44
  485    44    88
  486    21    76
  487    98    89
  488    37    43
  489    12    96
  490    99    95
  491    50    49
  492    35    98
  493    90    19
  494    11    58
  495    56    97
  496     6    53
  497    11    30
  498    83    87
  499    68    79
  500    49    77
12210
