500
    1    65    55
    2    66    56
    3   106    96
    4   102    92
    5    56    46
    6    96    86
    7    37    27
    8    92    82
    9    18     8
   10    77    67
   11    75    65
   12   101    91
   13    91    81
   14    29    19
   15   105    95
   16    75    65
   17   103    93
   18    22    12
   19    32    22
   20   102    92
   21   105    95
   22    51    41
   23    89    79
   24    19     9
   25   106    96
   26    51    41
   27    66    56
   28   110   100
   29    38    28
   30    51    41
   31    38    28
   32   104    94
   33    55    45
   34    34    24
   35    98    88
   36    94    84
   37    71    61
   38    42    32
   39   100    90
   40    49    39
   41    87    77
   42    49    39
   43    21    11
   44    95    85
   45    66    56
   46    52    42
   47    24    14
   48    68    58
   49    66    56
   50    45    35
   51    46    36
   52    62    52
   53    88    78
   54   100    90
   55   105    95
   56    15     5
   57    15     5
   58    46    36
   59    97    87
   60    80    70
   61    43    33
   62    45    35
   63    17     7
   64    88    78
   65    17     7
   66    64    54
   67    99    89
   68    55    45
   69   110   100
   70    67    57
   71    47    37
   72    21    11
   73    22    12
   74    25    15
   75    90    80
   76    11     1
   77    66    56
   78    70    60
   79    16     6
   80    15     5
   81    61    51
   82    88    78
   83    87    77
   84    89    79
   85   100    90
   86    81    71
   87    83    73
   88    99    89
   89    49    39
   90    30    20
   91    68    58
   92    71    61
   93    19     9
   94    76    66
   95    39    29
   96    16     6
   97    29    19
   98    88    78
   99    62    52
  100    61    51
  101    16     6
  102    83    73
  103    22    12
  104    94    84
  105   103    93
  106    51    41
  107    34    24
  108    53    43
  109    30    20
  110    16     6
  111    85    75
  112    90    80
  113    99    89
  114    78    68
  115    52    42
  116    56    46
  117    54    44
  118   104    94
  119    68    58
  120    67    57
  121   102    92
  122    84    74
  123    88    78
  124    30    20
  125   109    99
  126    33    23
  127    96    86
  128    97    87
  129    61    51
  130    82    72
  131    82    72
  132    65    55
  133    74    64
  134    77    67
  135    60    50
  136    33    23
  137    70    60
  138    24    14
  139    43    33
  140    61    51
  141    55    45
  142    49    39
  143    19     9
  144    23    13
  145   108    98
  146    25    15
  147    21    11
  148    73    63
  149    13     3
  150    22    12
  151    22    12
  152    98    88
  153    36    26
  154    38    28
  155   101    91
  156    69    59
  157    42    32
  158    64    54
  159    92    82
  160    47    37
  161    63    53
  162    39    29
  163    55    45
  164    70    60
  165    40    30
  166    29    19
  167    51    41
  168   102    92
  169    43    33
  170    45    35
  171    95    85
  172    28    18
  173    29    19
  174    50    40
  175    26    16
  176    19     9
  177    40    30
  178    32    22
  179    21    11
  180    46    36
  181    42    32
  182   110   100
  183    58    48
  184    65    55
  185    58    48
  186    77    67
  187    81    71
  188    92    82
  189    30    20
  190    76    66
  191    43    33
  192    70    60
  193    15     5
  194    69    59
  195    62    52
  196    44    34
  197    54    44
  198   100    90
  199    54    44
  200    16     6
  201   107    97
  202   100    90
  203    46    36
  204   101    91
  205    48    38
  206    50    40
  207    26    16
  208    53    43
  209    59    49
  210    23    13
  211    12     2
  212    67    57
  213    97    87
  214    34    24
  215    64    54
  216    56    46
  217    60    50
  218   110   100
  219    11     1
  220    72    62
  221    84    74
  222    57    47
  223    69    59
  224    58    48
  225    55    45
  226    41    31
  227    47    37
  228    75    65
  229    99    89
  230    26    16
  231    72    62
  232    89    79
  233    81    71
  234    27    17
  235    39    29
  236    49    39
  237    19     9
  238    22    12
  239    62    52
  240    19     9
  241   109    99
  242   105    95
  243    66    56
  244    14     4
  245   105    95
  246    58    48
  247    16     6
  248    11     1
  249    83    73
  250    87    77
  251    24    14
  252    76    66
  253    33    23
  254    32    22
  255    53    43
  256    86    76
  257    16     6
  258    95    85
  259    45    35
  260    96    86
  261    55    45
  262   110   100
  263    91    81
  264    11     1
  265    68    58
  266   108    98
  267    78    68
  268    70    60
  269    46    36
  270   101    91
  271    28    18
  272    39    29
  273    59    49
  274    12     2
  275    24    14
  276    13     3
  277    27    17
  278    63    53
  279    14     4
  280    21    11
  281    61    51
  282    94    84
  283    34    24
  284   104    94
  285    97    87
  286    17     7
  287    37    27
  288    51    41
  289    11     1
  290    84    74
  291    56    46
  292    50    40
  293    20    10
  294    41    31
  295    93    83
  296    39    29
  297   106    96
  298    44    34
  299   108    98
  300    70    60
  301    83    73
  302   104    94
  303    74    64
  304   102    92
  305    91    81
  306    11     1
  307    82    72
  308    51    41
  309    91    81
  310    68    58
  311    58    48
  312    92    82
  313    60    50
  314    57    47
  315    57    47
  316    53    43
  317    55    45
  318    83    73
  319    51    41
  320    49    39
  321    19     9
  322    30    20
  323    76    66
  324    13     3
  325   100    90
  326    94    84
  327    95    85
  328    65    55
  329    83    73
  330    60    50
  331    96    86
  332   109    99
  333    80    70
  334    75    65
  335    97    87
  336    48    38
  337   107    97
  338    82    72
  339   103    93
  340   109    99
  341   104    94
  342    34    24
  343    35    25
  344    62    52
  345    34    24
  346    46    36
  347    43    33
  348    74    64
  349    64    54
  350    11     1
  351   104    94
  352   104    94
  353    84    74
  354    15     5
  355    11     1
  356    30    20
  357    64    54
  358    86    76
  359   101    91
  360    68    58
  361   109    99
  362    79    69
  363    58    48
  364    69    59
  365   106    96
  366    41    31
  367    90    80
  368    29    19
  369    54    44
  370    73    63
  371    27    17
  372    85    75
  373    68    58
  374    41    31
  375    95    85
  376    56    46
  377    85    75
  378   107    97
  379    35    25
  380    31    21
  381    32    22
  382    84    74
  383    96    86
  384    87    77
  385    94    84
  386    81    71
  387    98    88
  388    44    34
  389    55    45
  390    68    58
  391   107    97
  392    13     3
  393    93    83
  394    92    82
  395    43    33
  396    76    66
  397    60    50
  398    38    28
  399    67    57
  400    36    26
  401    56    46
  402    52    42
  403    78    68
  404    97    87
  405    64    54
  406   100    90
  407   108    98
  408   106    96
  409    20    10
  410    26    16
  411    26    16
  412    56    46
  413    90    80
  414    99    89
  415    15     5
  416    67    57
  417    85    75
  418    78    68
  419    31    21
  420    31    21
  421    62    52
  422    89    79
  423    97    87
  424    85    75
  425    88    78
  426    37    27
  427    14     4
  428    97    87
  429    95    85
  430    95    85
  431    77    67
  432   106    96
  433    74    64
  434    87    77
  435    77    67
  436    77    67
  437    39    29
  438    95    85
  439   108    98
  440    31    21
  441    43    33
  442   105    95
  443   110   100
  444    46    36
  445    67    57
  446    87    77
  447    41    31
  448    76    66
  449    77    67
  450    88    78
  451    77    67
  452    31    21
  453    61    51
  454    60    50
  455    27    17
  456    53    43
  457    81    71
  458    28    18
  459    84    74
  460    52    42
  461    95    85
  462   100    90
  463    48    38
  464    19     9
  465    50    40
  466    54    44
  467    56    46
  468    67    57
  469    51    41
  470    59    49
  471    21    11
  472    28    18
  473    79    69
  474    78    68
  475    51    41
  476    64    54
  477    62    52
  478    61    51
  479    82    72
  480   110   100
  481    63    53
  482    57    47
  483    17     7
  484    57    47
  485    63    53
  486    26    16
  487    29    19
  488    40    30
  489    72    62
  490    83    73
  491    16     6
  492    74    64
  493    15     5
  494    84    74
  495    87    77
  496    19     9
  497    78    68
  498    49    39
  499    30    20
  500    29    19
21655
