500
    1   510   500
    2   428   418
    3   786   776
    4   661   651
    5   536   526
    6   678   668
    7    89    79
    8   754   744
    9   874   864
   10   656   646
   11   528   518
   12   175   165
   13   811   801
   14   976   966
   15   690   680
   16   962   952
   17   203   193
   18   357   347
   19   776   766
   20   313   303
   21   282   272
   22   781   771
   23   857   847
   24   809   799
   25   170   160
   26   769   759
   27   642   632
   28   880   870
   29   643   633
   30   941   931
   31   979   969
   32   954   944
   33   403   393
   34   692   682
   35   222   212
   36   184   174
   37   711   701
   38   233   223
   39   484   474
   40   568   558
   41   867   857
   42   360   350
   43   430   420
   44    21    11
   45   506   496
   46   602   592
   47   485   475
   48   798   788
   49    11     1
   50   511   501
   51   502   492
   52    53    43
   53   968   958
   54   822   812
   55   798   788
   56   518   508
   57   948   938
   58   608   598
   59   885   875
   60   447   437
   61   160   150
   62    43    33
   63   866   856
   64   598   588
   65    26    16
   66   362   352
   67    35    25
   68    29    19
   69   314   304
   70   898   888
   71   551   541
   72   131   121
   73   482   472
   74   231   221
   75   291   281
   76   845   835
   77   354   344
   78   221   211
   79   749   739
   80   322   312
   81   437   427
   82    74    64
   83   848   838
   84   404   394
   85   316   306
   86   496   486
   87   900   890
   88    57    47
   89   413   403
   90   297   287
   91   969   959
   92   233   223
   93   112   102
   94   635   625
   95   800   790
   96   579   569
   97   429   419
   98   835   825
   99    22    12
  100   424   414
  101   413   403
  102   157   147
  103   934   924
  104   417   407
  105   891   881
  106   305   295
  107   754   744
  108   731   721
  109   623   613
  110   610   600
  111   870   860
  112   328   318
  113   543   533
  114   625   615
  115   529   519
  116   202   192
  117   698   688
  118   566   556
  119   696   686
  120   329   319
  121   139   129
  122   206   196
  123   993   983
  124   300   290
  125   366   356
  126    64    54
  127   881   871
  128   524   514
  129   802   792
  130   169   159
  131   666   656
  132   211   201
  133   899   889
  134   991   981
  135   925   915
  136   652   642
  137   914   904
  138   371   361
  139   512   502
  140   676   666
  141    28    18
  142   415   405
  143   524   514
  144    61    51
  145    60    50
  146   199   189
  147   213   203
  148   588   578
  149    46    36
  150   573   563
  151   295   285
  152   192   182
  153   897   887
  154   596   586
  155    41    31
  156   251   241
  157   207   197
  158   190   180
  159   473   463
  160   382   372
  161   476   466
  162   737   727
  163   324   314
  164   964   954
  165   849   839
  166   620   610
  167   816   806
  168   152   142
  169   932   922
  170   231   221
  171   816   806
  172    75    65
  173    22    12
  174   272   262
  175   770   760
  176   453   443
  177   312   302
  178   450   440
  179   161   151
  180   589   579
  181   347   337
  182   984   974
  183    67    57
  184   868   858
  185   827   817
  186   664   654
  187   950   940
  188    91    81
  189   590   580
  190   330   320
  191   219   209
  192    21    11
  193   799   789
  194    47    37
  195   887   877
  196   838   828
  197   810   800
  198   887   877
  199   434   424
  200   827   817
  201   291   281
  202   699   689
  203    54    44
  204   460   450
  205   304   294
  206   193   183
  207   406   396
  208   772   762
  209   119   109
  210    29    19
  211    48    38
  212   361   351
  213   173   163
  214   588   578
  215    65    55
  216   495   485
  217   453   443
  218   220   210
  219   763   753
  220   351   341
  221   945   935
  222   672   662
  223   677   667
  224   436   426
  225   359   349
  226  1000   990
  227   391   381
  228   694   684
  229   907   897
  230   300   290
  231    49    39
  232   479   469
  233   925   915
  234   697   687
  235   455   445
  236   371   361
  237   959   949
  238    36    26
  239   707   697
  240   925   915
  241   398   388
  242   244   234
  243   159   149
  244   229   219
  245   602   592
  246   404   394
  247   517   507
  248   565   555
  249   971   961
  250   174   164
  251   501   491
  252   987   977
  253   370   360
  254   651   641
  255   434   424
  256   840   830
  257   729   719
  258   934   924
  259    25    15
  260   271   261
  261   944   934
  262   385   375
  263   959   949
  264    25    15
  265   621   611
  266   318   308
  267   166   156
  268   325   315
  269   575   565
  270   208   198
  271   428   418
  272   974   964
  273  1007   997
  274    59    49
  275   817   807
  276   116   106
  277   644   634
  278   813   803
  279   114   104
  280   580   570
  281   689   679
  282   264   254
  283   991   981
  284   979   969
  285    85    75
  286   240   230
  287   157   147
  288   198   188
  289   495   485
  290   118   108
  291   600   590
  292  1005   995
  293   644   634
  294   463   453
  295   729   719
  296   517   507
  297   871   861
  298   687   677
  299   440   430
  300   717   707
  301   355   345
  302   327   317
  303   959   949
  304   849   839
  305   696   686
  306   918   908
  307   722   712
  308   522   512
  309    72    62
  310   411   401
  311   646   636
  312    30    20
  313    84    74
  314   504   494
  315   213   203
  316   787   777
  317   616   606
  318   850   840
  319   691   681
  320   975   965
  321   687   677
  322   157   147
  323   801   791
  324   332   322
  325   788   778
  326   652   642
  327   356   346
  328   855   845
  329   399   389
  330    71    61
  331   888   878
  332   503   493
  333   337   327
  334   829   819
  335   718   708
  336   194   184
  337   260   250
  338   664   654
  339   839   829
  340   763   753
  341    25    15
  342   377   367
  343   756   746
  344   248   238
  345   119   109
  346    96    86
  347   452   442
  348   912   902
  349   973   963
  350    37    27
  351   265   255
  352   162   152
  353   732   722
  354   829   819
  355   303   293
  356   984   974
  357   612   602
  358   252   242
  359    50    40
  360    91    81
  361   977   967
  362   137   127
  363   419   409
  364   560   550
  365   738   728
  366   871   861
  367   734   724
  368   591   581
  369   799   789
  370   935   925
  371   851   841
  372   196   186
  373    52    42
  374   763   753
  375   207   197
  376   118   108
  377   790   780
  378   230   220
  379   719   709
  380   149   139
  381   608   598
  382   623   613
  383   905   895
  384   546   536
  385   162   152
  386   996   986
  387    38    28
  388   310   300
  389   831   821
  390    50    40
  391   368   358
  392    36    26
  393   946   936
  394   891   881
  395   244   234
  396   674   664
  397   869   859
  398   289   279
  399   555   545
  400   922   912
  401   389   379
  402   918   908
  403   443   433
  404   144   134
  405   461   451
  406   502   492
  407   509   499
  408   204   194
  409   885   875
  410   756   746
  411   107    97
  412    39    29
  413   726   716
  414   841   831
  415   936   926
  416   330   320
  417   981   971
  418   812   802
  419   419   409
  420   329   319
  421    98    88
  422    99    89
  423   738   728
  424   583   573
  425   853   843
  426   807   797
  427   407   397
  428   267   257
  429   196   186
  430   782   772
  431   833   823
  432   313   303
  433   962   952
  434   497   487
  435   242   232
  436   963   953
  437   367   357
  438   174   164
  439   544   534
  440   693   683
  441   368   358
  442    88    78
  443   683   673
  444   585   575
  445   107    97
  446   874   864
  447   922   912
  448   871   861
  449   178   168
  450   147   137
  451   682   672
  452   374   364
  453   441   431
  454   378   368
  455   547   537
  456   600   590
  457    53    43
  458   811   801
  459   769   759
  460   703   693
  461   971   961
  462   882   872
  463   252   242
  464   469   459
  465   555   545
  466   700   690
  467   372   362
  468   226   216
  469   431   421
  470   542   532
  471   462   452
  472   519   509
  473   611   601
  474   301   291
  475   267   257
  476   863   853
  477   339   329
  478   924   914
  479   747   737
  480   397   387
  481   227   217
  482   227   217
  483   509   499
  484   295   285
  485   143   133
  486   356   346
  487   977   967
  488   954   944
  489   640   630
  490    26    16
  491   573   563
  492   992   982
  493   424   414
  494   874   864
  495   168   158
  496   797   787
  497   354   344
  498   531   521
  499   358   348
  500   376   366
83723
