500
    1    47    37
    2    81    71
    3    63    53
    4    86    76
    5    85    75
    6    87    77
    7    82    72
    8    15     5
    9    75    65
   10   101    91
   11    29    19
   12    92    82
   13    64    54
   14    81    71
   15    67    57
   16    43    33
   17    36    26
   18    70    60
   19    77    67
   20    42    32
   21    67    57
   22    58    48
   23    78    68
   24    46    36
   25    63    53
   26    90    80
   27    27    17
   28    69    59
   29   104    94
   30    78    68
   31    24    14
   32    59    49
   33    68    58
   34    89    79
   35   103    93
   36    57    47
   37    48    38
   38   106    96
   39    25    15
   40    61    51
   41    80    70
   42    53    43
   43    55    45
   44    42    32
   45    15     5
   46    99    89
   47    42    32
   48    83    73
   49    48    38
   50   100    90
   51    31    21
   52    90    80
   53    45    35
   54    71    61
   55    75    65
   56    47    37
   57    93    83
   58    33    23
   59    26    16
   60    72    62
   61    13     3
   62    80    70
   63    39    29
   64    55    45
   65    87    77
   66    27    17
   67   108    98
   68   110   100
   69    11     1
   70    11     1
   71    20    10
   72    52    42
   73    39    29
   74    96    86
   75    24    14
   76    58    48
   77    31    21
   78    18     8
   79    66    56
   80    51    41
   81    86    76
   82    83    73
   83   105    95
   84    25    15
   85    41    31
   86    53    43
   87    53    43
   88    54    44
   89    70    60
   90    14     4
   91    66    56
   92    58    48
   93    89    79
   94    96    86
   95    65    55
   96    40    30
   97    98    88
   98    76    66
   99    43    33
  100    77    67
  101    82    72
  102    74    64
  103    23    13
  104   102    92
  105    60    50
  106    38    28
  107    71    61
  108    76    66
  109    64    54
  110    47    37
  111    47    37
  112    33    23
  113    44    34
  114    58    48
  115    14     4
  116    71    61
  117    63    53
  118    19     9
  119    41    31
  120    54    44
  121    84    74
  122    55    45
  123    90    80
  124    81    71
  125    23    13
  126    13     3
  127    58    48
  128    37    27
  129    11     1
  130    14     4
  131    43    33
  132   108    98
  133    52    42
  134    20    10
  135    46    36
  136    73    63
  137    79    69
  138   104    94
  139    97    87
  140    69    59
  141    13     3
  142    68    58
  143    85    75
  144    38    28
  145    61    51
  146    52    42
  147    18     8
  148    81    71
  149    91    81
  150   106    96
  151    80    70
  152    57    47
  153    90    80
  154    57    47
  155    14     4
  156    96    86
  157    64    54
  158    75    65
  159    22    12
  160    95    85
  161    37    27
  162   110   100
  163    45    35
  164    73    63
  165    38    28
  166    29    19
  167    37    27
  168    85    75
  169   109    99
  170    12     2
  171    97    87
  172    16     6
  173    99    89
  174    21    11
  175    79    69
  176    30    20
  177    33    23
  178    35    25
  179    34    24
  180    30    20
  181   108    98
  182    37    27
  183    92    82
  184   105    95
  185    84    74
  186    73    63
  187   107    97
  188    28    18
  189    47    37
  190    91    81
  191   104    94
  192    18     8
  193    76    66
  194   100    90
  195    40    30
  196    75    65
  197   103    93
  198    96    86
  199    19     9
  200    84    74
  201    96    86
  202    64    54
  203    51    41
  204    21    11
  205    33    23
  206    34    24
  207    19     9
  208    93    83
  209    12     2
  210    86    76
  211    93    83
  212    62    52
  213    22    12
  214    49    39
  215    98    88
  216    36    26
  217    30    20
  218    49    39
  219    92    82
  220    32    22
  221    74    64
  222   101    91
  223   102    92
  224    81    71
  225    28    18
  226    89    79
  227    92    82
  228    15     5
  229   104    94
  230    89    79
  231    62    52
  232    52    42
  233    26    16
  234    50    40
  235    44    34
  236    20    10
  237    32    22
  238    93    83
  239    80    70
  240    18     8
  241    67    57
  242    49    39
  243    36    26
  244    86    76
  245    71    61
  246    37    27
  247    14     4
  248    34    24
  249    12     2
  250    19     9
  251    14     4
  252    52    42
  253   107    97
  254   100    90
  255    47    37
  256    37    27
  257    18     8
  258    39    29
  259    38    28
  260    52    42
  261    85    75
  262   102    92
  263   108    98
  264    54    44
  265    22    12
  266    11     1
  267   107    97
  268    58    48
  269    56    46
  270    37    27
  271    61    51
  272    15     5
  273    44    34
  274    64    54
  275    22    12
  276    17     7
  277    69    59
  278    46    36
  279    47    37
  280    41    31
  281    34    24
  282    17     7
  283    56    46
  284    32    22
  285    62    52
  286    25    15
  287    74    64
  288    31    21
  289    72    62
  290    31    21
  291    37    27
  292    30    20
  293    61    51
  294    12     2
  295    38    28
  296    98    88
  297    56    46
  298    28    18
  299    85    75
  300    86    76
  301    68    58
  302    84    74
  303    72    62
  304    18     8
  305    57    47
  306    47    37
  307    95    85
  308    39    29
  309    49    39
  310    52    42
  311    23    13
  312    35    25
  313    65    55
  314    73    63
  315    42    32
  316    36    26
  317   109    99
  318    75    65
  319    64    54
  320    88    78
  321    36    26
  322    78    68
  323    18     8
  324    17     7
  325    29    19
  326    77    67
  327    85    75
  328    92    82
  329    24    14
  330    28    18
  331    93    83
  332    40    30
  333    30    20
  334    26    16
  335    99    89
  336    63    53
  337    61    51
  338   109    99
  339    48    38
  340    60    50
  341    42    32
  342    46    36
  343    73    63
  344    85    75
  345    68    58
  346    93    83
  347    41    31
  348    17     7
  349    98    88
  350    22    12
  351    86    76
  352    23    13
  353    69    59
  354    86    76
  355   108    98
  356    81    71
  357    77    67
  358    41    31
  359    15     5
  360    76    66
  361    34    24
  362    98    88
  363    48    38
  364    33    23
  365    11     1
  366    20    10
  367    71    61
  368    88    78
  369    72    62
  370    60    50
  371    32    22
  372    53    43
  373    65    55
  374    48    38
  375    96    86
  376    43    33
  377    87    77
  378    51    41
  379    32    22
  380    34    24
  381    57    47
  382    28    18
  383    66    56
  384    71    61
  385    83    73
  386    53    43
  387    39    29
  388    99    89
  389   108    98
  390    59    49
  391    25    15
  392    21    11
  393    83    73
  394    56    46
  395    41    31
  396    39    29
  397    66    56
  398    94    84
  399    60    50
  400    67    57
  401    98    88
  402    43    33
  403   100    90
  404    13     3
  405    30    20
  406   103    93
  407    14     4
  408   105    95
  409    14     4
  410    97    87
  411    20    10
  412    20    10
  413    99    89
  414    46    36
  415    53    43
  416    91    81
  417    50    40
  418    53    43
  419    24    14
  420    30    20
  421   107    97
  422    56    46
  423    11     1
  424    48    38
  425    38    28
  426    32    22
  427    48    38
  428    84    74
  429    93    83
  430    91    81
  431    98    88
  432    78    68
  433    31    21
  434    90    80
  435    63    53
  436   108    98
  437    12     2
  438    91    81
  439    53    43
  440    82    72
  441    85    75
  442    97    87
  443    68    58
  444    62    52
  445    80    70
  446    83    73
  447    99    89
  448    80    70
  449    39    29
  450    80    70
  451    43    33
  452    43    33
  453    54    44
  454    71    61
  455    36    26
  456    69    59
  457    38    28
  458    92    82
  459   110   100
  460    36    26
  461    92    82
  462    63    53
  463    13     3
  464    66    56
  465    88    78
  466   105    95
  467    61    51
  468    87    77
  469   108    98
  470    23    13
  471    71    61
  472    20    10
  473    20    10
  474    86    76
  475    20    10
  476    64    54
  477    88    78
  478    49    39
  479    68    58
  480    70    60
  481    56    46
  482    44    34
  483    78    68
  484    36    26
  485    20    10
  486   105    95
  487    14     4
  488    83    73
  489    25    15
  490    31    21
  491    38    28
  492    77    67
  493    49    39
  494    83    73
  495    81    71
  496    42    32
  497   103    93
  498    12     2
  499    39    29
  500   109    99
16308
