100
    1   228   218
    2   105    95
    3   429   419
    4   177   167
    5    15     5
    6   187   177
    7   436   426
    8   331   321
    9    25    15
   10   232   222
   11   474   464
   12   484   474
   13    38    28
   14    32    22
   15   328   318
   16   302   292
   17   270   260
   18   317   307
   19   231   221
   20   173   163
   21   420   410
   22   374   364
   23   468   458
   24   174   164
   25   213   203
   26   230   220
   27    81    71
   28   321   311
   29   277   267
   30    14     4
   31   101    91
   32   207   197
   33   282   272
   34    37    27
   35   317   307
   36   121   111
   37   234   224
   38    69    59
   39    59    49
   40   264   254
   41   174   164
   42   456   446
   43    88    78
   44   282   272
   45   457   447
   46   247   237
   47   267   257
   48   491   481
   49   329   319
   50   456   446
   51   217   207
   52   217   207
   53   411   401
   54   443   433
   55   236   226
   56    86    76
   57    70    60
   58   121   111
   59   456   446
   60   163   153
   61   390   380
   62   408   398
   63   352   342
   64   231   221
   65   256   246
   66   499   489
   67   418   408
   68   266   256
   69   313   303
   70   254   244
   71   386   376
   72    92    82
   73   165   155
   74   360   350
   75   457   447
   76   506   496
   77   189   179
   78   165   155
   79   307   297
   80   286   276
   81    12     2
   82    79    69
   83   430   420
   84   360   350
   85   175   165
   86   124   114
   87   322   312
   88   302   292
   89   192   182
   90   205   195
   91   463   453
   92   146   136
   93    50    40
   94   115   105
   95   482   472
   96   155   145
   97    60    50
   98    55    45
   99   333   323
  100   400   390
12252
