500
    1   291   281
    2   252   242
    3   452   442
    4   452   442
    5   366   356
    6   478   468
    7   435   425
    8   178   168
    9   224   214
   10   387   377
   11   273   263
   12   367   357
   13    85    75
   14   227   217
   15    51    41
   16   429   419
   17   329   319
   18   204   194
   19   322   312
   20   144   134
   21   335   325
   22   497   487
   23   247   237
   24   137   127
   25   320   310
   26   309   299
   27   396   386
   28   440   430
   29   316   306
   30   369   359
   31   356   346
   32   510   500
   33   217   207
   34    40    30
   35   128   118
   36   248   238
   37   189   179
   38   396   386
   39   218   208
   40   179   169
   41    61    51
   42   263   253
   43   463   453
   44    69    59
   45   248   238
   46   150   140
   47   510   500
   48   106    96
   49   192   182
   50    67    57
   51   480   470
   52    80    70
   53   334   324
   54   394   384
   55   167   157
   56   257   247
   57   325   315
   58    96    86
   59   507   497
   60    38    28
   61   429   419
   62   371   361
   63   187   177
   64   466   456
   65   295   285
   66    34    24
   67   345   335
   68   485   475
   69   316   306
   70   349   339
   71    25    15
   72   363   353
   73   108    98
   74   295   285
   75   124   114
   76   493   483
   77   212   202
   78   468   458
   79   190   180
   80   357   347
   81   363   353
   82   378   368
   83    73    63
   84   139   129
   85   458   448
   86    59    49
   87   169   159
   88   313   303
   89   135   125
   90   388   378
   91   166   156
   92   321   311
   93   481   471
   94   346   336
   95   425   415
   96   194   184
   97   491   481
   98   422   412
   99   212   202
  100   447   437
  101   478   468
  102    49    39
  103   144   134
  104   324   314
  105   457   447
  106   393   383
  107   192   182
  108   363   353
  109   256   246
  110   442   432
  111   131   121
  112   172   162
  113   289   279
  114   404   394
  115   390   380
  116   126   116
  117   316   306
  118   490   480
  119   478   468
  120   417   407
  121   120   110
  122   386   376
  123   394   384
  124    60    50
  125   287   277
  126   143   133
  127    34    24
  128   171   161
  129   343   333
  130   192   182
  131   228   218
  132    63    53
  133   268   258
  134    35    25
  135   510   500
  136   291   281
  137   224   214
  138   450   440
  139   465   455
  140   475   465
  141    85    75
  142   135   125
  143   289   279
  144    77    67
  145   314   304
  146   427   417
  147   111   101
  148    95    85
  149   423   413
  150   356   346
  151   252   242
  152   260   250
  153   158   148
  154   416   406
  155   355   345
  156    79    69
  157   428   418
  158   202   192
  159   494   484
  160    21    11
  161   149   139
  162   101    91
  163    13     3
  164   360   350
  165   446   436
  166   211   201
  167   501   491
  168   428   418
  169   189   179
  170   499   489
  171   125   115
  172   254   244
  173   291   281
  174   444   434
  175   316   306
  176   465   455
  177   106    96
  178   254   244
  179   175   165
  180   364   354
  181   412   402
  182   112   102
  183   300   290
  184   207   197
  185   252   242
  186   167   157
  187    67    57
  188    18     8
  189   308   298
  190    46    36
  191   481   471
  192   468   458
  193    69    59
  194    79    69
  195   464   454
  196    78    68
  197   360   350
  198   382   372
  199   400   390
  200   502   492
  201   489   479
  202   162   152
  203   160   150
  204   479   469
  205    90    80
  206   468   458
  207   200   190
  208   111   101
  209   373   363
  210   101    91
  211   230   220
  212   465   455
  213   307   297
  214   412   402
  215   298   288
  216   474   464
  217   114   104
  218   260   250
  219   145   135
  220   410   400
  221   326   316
  222   207   197
  223   219   209
  224   260   250
  225    33    23
  226   147   137
  227   237   227
  228   133   123
  229   113   103
  230    64    54
  231   438   428
  232   135   125
  233   479   469
  234    21    11
  235   153   143
  236   143   133
  237    73    63
  238   508   498
  239   116   106
  240   325   315
  241   455   445
  242    95    85
  243    20    10
  244   308   298
  245   467   457
  246    92    82
  247   422   412
  248    89    79
  249   509   499
  250   105    95
  251   298   288
  252   362   352
  253   143   133
  254   118   108
  255    35    25
  256   492   482
  257   238   228
  258   477   467
  259   327   317
  260   426   416
  261   373   363
  262   376   366
  263   385   375
  264   369   359
  265   166   156
  266   330   320
  267    96    86
  268   412   402
  269    92    82
  270   143   133
  271   170   160
  272   249   239
  273   393   383
  274   210   200
  275   114   104
  276   219   209
  277    85    75
  278   397   387
  279    56    46
  280   299   289
  281   371   361
  282   296   286
  283    12     2
  284    98    88
  285   251   241
  286   255   245
  287   103    93
  288   485   475
  289   157   147
  290   466   456
  291   282   272
  292   292   282
  293   186   176
  294    35    25
  295   267   257
  296    69    59
  297   220   210
  298   262   252
  299   118   108
  300   432   422
  301    41    31
  302   198   188
  303   456   446
  304   364   354
  305   461   451
  306   253   243
  307    28    18
  308   509   499
  309   229   219
  310   294   284
  311    12     2
  312    74    64
  313   490   480
  314   419   409
  315   299   289
  316   463   453
  317   169   159
  318   241   231
  319   497   487
  320   115   105
  321   113   103
  322   196   186
  323   342   332
  324   235   225
  325   118   108
  326   136   126
  327   245   235
  328    83    73
  329   241   231
  330   338   328
  331   386   376
  332   235   225
  333   394   384
  334    81    71
  335   427   417
  336   418   408
  337   113   103
  338   192   182
  339   377   367
  340   223   213
  341   362   352
  342    88    78
  343   301   291
  344   172   162
  345   252   242
  346    44    34
  347   157   147
  348    56    46
  349   106    96
  350   441   431
  351   146   136
  352   382   372
  353   210   200
  354   509   499
  355   501   491
  356   336   326
  357   326   316
  358   308   298
  359    71    61
  360    98    88
  361   403   393
  362   157   147
  363   508   498
  364    31    21
  365   244   234
  366   251   241
  367   116   106
  368   451   441
  369   216   206
  370   123   113
  371   257   247
  372   363   353
  373   150   140
  374   479   469
  375   209   199
  376   306   296
  377    91    81
  378   373   363
  379   217   207
  380   253   243
  381    26    16
  382   466   456
  383   274   264
  384   329   319
  385   352   342
  386    67    57
  387    88    78
  388   266   256
  389   293   283
  390   442   432
  391    93    83
  392   343   333
  393   235   225
  394    54    44
  395    49    39
  396   446   436
  397    74    64
  398   444   434
  399   357   347
  400   154   144
  401    38    28
  402   210   200
  403   464   454
  404   459   449
  405    26    16
  406   206   196
  407   506   496
  408   404   394
  409   378   368
  410   428   418
  411   492   482
  412   102    92
  413    36    26
  414   289   279
  415   381   371
  416   345   335
  417    47    37
  418   188   178
  419   313   303
  420    37    27
  421   244   234
  422    75    65
  423   443   433
  424   147   137
  425   302   292
  426   303   293
  427   232   222
  428    63    53
  429   301   291
  430   177   167
  431   355   345
  432   276   266
  433   128   118
  434   209   199
  435   227   217
  436   395   385
  437   249   239
  438    61    51
  439   398   388
  440   445   435
  441   109    99
  442   479   469
  443   240   230
  444   292   282
  445   321   311
  446   169   159
  447   487   477
  448   266   256
  449   139   129
  450   330   320
  451    47    37
  452   393   383
  453   435   425
  454   390   380
  455   457   447
  456   215   205
  457    11     1
  458   374   364
  459   394   384
  460   194   184
  461   369   359
  462   146   136
  463   218   208
  464   325   315
  465    92    82
  466    52    42
  467    78    68
  468    45    35
  469   389   379
  470   105    95
  471   111   101
  472   210   200
  473   453   443
  474   500   490
  475   437   427
  476   162   152
  477   264   254
  478   411   401
  479   340   330
  480   356   346
  481   413   403
  482    15     5
  483   371   361
  484   483   473
  485   101    91
  486    36    26
  487   263   253
  488   498   488
  489   102    92
  490   281   271
  491   294   284
  492   204   194
  493   357   347
  494   374   364
  495   361   351
  496   221   211
  497    72    62
  498   487   477
  499   160   150
  500   455   445
21313
