100
    1    65    55
    2    66    56
    3   106    96
    4   102    92
    5    56    46
    6    96    86
    7    37    27
    8    92    82
    9    18     8
   10    77    67
   11    75    65
   12   101    91
   13    91    81
   14    29    19
   15   105    95
   16    75    65
   17   103    93
   18    22    12
   19    32    22
   20   102    92
   21   105    95
   22    51    41
   23    89    79
   24    19     9
   25   106    96
   26    51    41
   27    66    56
   28   110   100
   29    38    28
   30    51    41
   31    38    28
   32   104    94
   33    55    45
   34    34    24
   35    98    88
   36    94    84
   37    71    61
   38    42    32
   39   100    90
   40    49    39
   41    87    77
   42    49    39
   43    21    11
   44    95    85
   45    66    56
   46    52    42
   47    24    14
   48    68    58
   49    66    56
   50    45    35
   51    46    36
   52    62    52
   53    88    78
   54   100    90
   55   105    95
   56    15     5
   57    15     5
   58    46    36
   59    97    87
   60    80    70
   61    43    33
   62    45    35
   63    17     7
   64    88    78
   65    17     7
   66    64    54
   67    99    89
   68    55    45
   69   110   100
   70    67    57
   71    47    37
   72    21    11
   73    22    12
   74    25    15
   75    90    80
   76    11     1
   77    66    56
   78    70    60
   79    16     6
   80    15     5
   81    61    51
   82    88    78
   83    87    77
   84    89    79
   85   100    90
   86    81    71
   87    83    73
   88    99    89
   89    49    39
   90    30    20
   91    68    58
   92    71    61
   93    19     9
   94    76    66
   95    39    29
   96    16     6
   97    29    19
   98    88    78
   99    62    52
  100    61    51
4443
