500
    1   961   937
    2   292   253
    3   639   675
    4   778   772
    5   214   165
    6   273   219
    7   181   254
    8   953   957
    9   283   326
   10   891   867
   11   399   357
   12     1    68
   13     1    53
   14   287   317
   15   113    94
   16   143   214
   17   937   958
   18   614   593
   19   881   938
   20   860   815
   21   483   470
   22   625   545
   23   187   205
   24   202   232
   25   616   638
   26   855   921
   27    81    35
   28   649   665
   29   156   183
   30     1    16
   31   756   803
   32   827   829
   33   525   477
   34   502   598
   35   226   301
   36   187   210
   37     1    29
   38   572   614
   39   903   821
   40   842   856
   41   538   576
   42   264   195
   43   811   831
   44   634   543
   45   903   960
   46   690   756
   47   922   979
   48   188   155
   49   588   488
   50   655   633
   51   331   272
   52   234   313
   53   721   750
   54    90    61
   55   181   154
   56   261   337
   57   189   234
   58   650   604
   59   368   453
   60   996   931
   61   932   974
   62   124   180
   63   419   513
   64  1047   948
   65   876   901
   66   538   533
   67   375   342
   68   950   936
   69   663   669
   70   719   787
   71   852   903
   72    94   175
   73   375   351
   74   334   408
   75   200   281
   76   395   370
   77   898   980
   78   415   404
   79   750   754
   80   514   612
   81   836   927
   82   875   935
   83    23    28
   84   666   627
   85   582   599
   86   276   187
   87    51    89
   88   617   669
   89   484   523
   90   145   124
   91   399   398
   92   777   782
   93   868   774
   94   973   897
   95   329   337
   96   532   494
   97   844   866
   98   527   530
   99   975   893
  100   127   109
  101   861   886
  102   561   641
  103   734   723
  104   724   809
  105   621   602
  106   395   483
  107   450   512
  108   504   588
  109    82   120
  110   161   182
  111   433   364
  112   393   392
  113   714   618
  114   889   882
  115   325   294
  116   414   452
  117   575   616
  118   355   434
  119   701   722
  120   103    70
  121   580   657
  122   329   426
  123   943   861
  124   554   504
  125   404   502
  126   794   704
  127   280   197
  128   859   837
  129   482   508
  130   101    28
  131    83    75
  132   158    98
  133   619   712
  134   387   297
  135   232   146
  136   515   551
  137     1    34
  138   283   212
  139   581   559
  140   890   837
  141   210   124
  142   656   746
  143   563   552
  144     1    64
  145   127   162
  146   177   227
  147   582   551
  148    90    28
  149   469   546
  150    42    75
  151   438   358
  152   708   762
  153   286   347
  154   518   485
  155  1018   939
  156   810   713
  157   520   455
  158     1    32
  159   411   499
  160   445   454
  161   908   826
  162   645   708
  163    68   119
  164   409   375
  165   449   514
  166   892   883
  167     1    20
  168   363   289
  169   390   351
  170    43   138
  171   561   532
  172   499   463
  173   502   458
  174   111    31
  175   817   888
  176   962   876
  177   991   959
  178   917   898
  179   325   367
  180   784   805
  181   856   924
  182     1    38
  183   170   101
  184  1000   961
  185   844   762
  186   224   222
  187   584   655
  188   294   386
  189   228   177
  190   454   522
  191    82   147
  192   105   156
  193   679   773
  194   847   929
  195   898   898
  196   675   715
  197   894   973
  198   427   431
  199   310   256
  200   847   750
  201   938   888
  202   326   390
  203   410   320
  204   499   504
  205   516   504
  206   633   710
  207   218   289
  208   804   843
  209   782   840
  210   777   814
  211   821   797
  212   706   701
  213   363   328
  214   933   938
  215   768   783
  216   635   588
  217   536   621
  218   517   453
  219   414   402
  220   350   443
  221   828   875
  222   517   558
  223   647   670
  224   497   589
  225   711   629
  226   113   133
  227   485   444
  228   482   526
  229    38   128
  230   761   700
  231   789   782
  232   522   503
  233   366   278
  234   982   951
  235   602   698
  236   929   961
  237    22   110
  238   122   110
  239   460   478
  240   286   358
  241   832   846
  242  1041   968
  243   325   410
  244   291   204
  245   587   515
  246   867   928
  247   773   739
  248   671   771
  249   357   293
  250   156   129
  251   395   340
  252   689   700
  253   882   822
  254   985   963
  255   802   876
  256   500   450
  257   708   745
  258   181   125
  259   325   292
  260    33    58
  261   522   460
  262   896   818
  263   703   752
  264   249   284
  265   795   808
  266   225   191
  267   190   163
  268   418   513
  269   392   454
  270   890   936
  271   715   789
  272   208   148
  273   447   497
  274   505   544
  275   572   510
  276    10    11
  277   615   616
  278   534   607
  279   145   138
  280   988   901
  281   544   482
  282   159   163
  283    51    76
  284   686   636
  285   479   505
  286   627   706
  287   667   764
  288     1    18
  289   120   162
  290   662   604
  291   377   419
  292   283   197
  293   868   849
  294   234   211
  295   265   236
  296   607   668
  297   588   511
  298   445   419
  299   171   211
  300   764   769
  301   847   797
  302   842   756
  303   370   407
  304   863   806
  305   126    48
  306   102    93
  307   114    64
  308   910   850
  309   152    53
  310   534   464
  311   349   363
  312   834   907
  313   397   451
  314    24    19
  315  1033   947
  316  1056   963
  317   824   758
  318   840   866
  319   509   527
  320   759   734
  321   937   991
  322   129   144
  323   162   145
  324   911   927
  325   607   542
  326     1    60
  327   899   963
  328   347   248
  329   357   395
  330   896   902
  331   261   289
  332   628   696
  333   749   838
  334   433   489
  335   327   411
  336   755   836
  337   418   508
  338     1     8
  339   375   321
  340   918   921
  341   528   450
  342   838   747
  343   662   599
  344     1     5
  345    55   105
  346  1034   960
  347   641   593
  348     1    11
  349    86   146
  350    14     4
  351    37   109
  352  1048   989
  353   855   889
  354    64    49
  355   171   149
  356   559   610
  357    96   156
  358   195   272
  359   344   396
  360    73   143
  361   164   115
  362   649   662
  363  1074   998
  364   679   767
  365   217   127
  366   708   800
  367   657   634
  368   673   709
  369   381   396
  370   544   496
  371   948   929
  372   724   783
  373   883   801
  374   467   487
  375     1     5
  376   559   498
  377  1009   924
  378   787   819
  379   255   157
  380   281   266
  381  1024   928
  382   990   984
  383   371   413
  384   896   800
  385   611   688
  386   324   312
  387   119   184
  388   702   627
  389   819   763
  390   685   605
  391  1034   976
  392   187   202
  393   408   464
  394   555   595
  395     3    25
  396   886   870
  397   170   201
  398    73     1
  399   968   915
  400   541   530
  401   579   497
  402   754   654
  403   408   415
  404   540   588
  405   503   583
  406   119   141
  407     1    31
  408   798   739
  409   777   683
  410    12     3
  411   547   480
  412   537   600
  413   496   494
  414   820   910
  415   546   568
  416   758   735
  417    26   116
  418   320   301
  419   215   145
  420   385   381
  421   654   602
  422   129   140
  423   726   822
  424   834   817
  425   476   513
  426   336   430
  427   618   707
  428   676   725
  429   782   771
  430   388   395
  431   743   688
  432   772   779
  433   532   435
  434   742   658
  435   348   292
  436   654   554
  437   298   231
  438   490   445
  439   682   675
  440   490   560
  441   351   439
  442     1    57
  443   421   481
  444   668   735
  445   880   940
  446   665   597
  447   816   830
  448   842   778
  449   407   332
  450   831   896
  451   483   546
  452   697   678
  453   794   834
  454   536   532
  455   234   271
  456   622   587
  457   779   744
  458   331   255
  459   219   244
  460   331   355
  461   621   694
  462   725   727
  463   154    70
  464   522   575
  465  1067   977
  466   606   643
  467   221   159
  468   341   407
  469   643   607
  470   450   486
  471   620   561
  472   451   536
  473   820   791
  474   661   669
  475   886   969
  476   570   508
  477   387   300
  478    64   101
  479   103    22
  480   601   536
  481   639   544
  482   749   712
  483   819   808
  484   419   495
  485     5    18
  486   341   254
  487   858   931
  488   260   225
  489   778   762
  490   294   286
  491   558   620
  492   972   968
  493   159   186
  494   200   188
  495   890   832
  496   231   191
  497   838   772
  498   931   978
  499   763   857
  500   783   739
171922
