100
    1   447   437
    2   281   271
    3   263   253
    4   386   376
    5   185   175
    6   387   377
    7   282   272
    8   215   205
    9   175   165
   10   501   491
   11   229   219
   12   292   282
   13   264   254
   14   281   271
   15   467   457
   16   143   133
   17   336   326
   18   470   460
   19   377   367
   20   342   332
   21   367   357
   22   158   148
   23    78    68
   24   346   336
   25    63    53
   26   190   180
   27   327   317
   28    69    59
   29   104    94
   30   278   268
   31   224   214
   32   459   449
   33   468   458
   34   189   179
   35   103    93
   36    57    47
   37   448   438
   38   406   396
   39   325   315
   40   461   451
   41   480   470
   42    53    43
   43    55    45
   44    42    32
   45   215   205
   46   199   189
   47   242   232
   48   183   173
   49   148   138
   50   400   390
   51   431   421
   52   190   180
   53    45    35
   54   371   361
   55   175   165
   56   347   337
   57   193   183
   58   133   123
   59    26    16
   60    72    62
   61   313   303
   62    80    70
   63   339   329
   64    55    45
   65   487   477
   66   327   317
   67   108    98
   68   310   300
   69   311   301
   70   111   101
   71   220   210
   72    52    42
   73    39    29
   74   296   286
   75   124   114
   76   358   348
   77   331   321
   78   418   408
   79   366   356
   80   251   241
   81    86    76
   82    83    73
   83   205   195
   84   125   115
   85   341   331
   86   253   243
   87    53    43
   88   354   344
   89   470   460
   90   114   104
   91   266   256
   92    58    48
   93   489   479
   94    96    86
   95   165   155
   96    40    30
   97   498   488
   98   276   266
   99   143   133
  100   377   367
15887
