500
    1   228   218
    2   105    95
    3   429   419
    4   177   167
    5    15     5
    6   187   177
    7   436   426
    8   331   321
    9    25    15
   10   232   222
   11   474   464
   12   484   474
   13    38    28
   14    32    22
   15   328   318
   16   302   292
   17   270   260
   18   317   307
   19   231   221
   20   173   163
   21   420   410
   22   374   364
   23   468   458
   24   174   164
   25   213   203
   26   230   220
   27    81    71
   28   321   311
   29   277   267
   30    14     4
   31   101    91
   32   207   197
   33   282   272
   34    37    27
   35   317   307
   36   121   111
   37   234   224
   38    69    59
   39    59    49
   40   264   254
   41   174   164
   42   456   446
   43    88    78
   44   282   272
   45   457   447
   46   247   237
   47   267   257
   48   491   481
   49   329   319
   50   456   446
   51   217   207
   52   217   207
   53   411   401
   54   443   433
   55   236   226
   56    86    76
   57    70    60
   58   121   111
   59   456   446
   60   163   153
   61   390   380
   62   408   398
   63   352   342
   64   231   221
   65   256   246
   66   499   489
   67   418   408
   68   266   256
   69   313   303
   70   254   244
   71   386   376
   72    92    82
   73   165   155
   74   360   350
   75   457   447
   76   506   496
   77   189   179
   78   165   155
   79   307   297
   80   286   276
   81    12     2
   82    79    69
   83   430   420
   84   360   350
   85   175   165
   86   124   114
   87   322   312
   88   302   292
   89   192   182
   90   205   195
   91   463   453
   92   146   136
   93    50    40
   94   115   105
   95   482   472
   96   155   145
   97    60    50
   98    55    45
   99   333   323
  100   400   390
  101   347   337
  102   266   256
  103    33    23
  104   509   499
  105   326   316
  106   218   208
  107   509   499
  108   408   398
  109   297   287
  110   279   269
  111   108    98
  112   485   475
  113   490   480
  114    37    27
  115   475   465
  116    87    77
  117    81    71
  118   143   133
  119   223   213
  120   242   232
  121   465   455
  122   335   325
  123    91    81
  124    41    31
  125   444   434
  126   292   282
  127   419   409
  128   184   174
  129   452   442
  130   337   327
  131   105    95
  132   360   350
  133   221   211
  134   256   246
  135   339   329
  136    12     2
  137   297   287
  138   483   473
  139   250   240
  140    68    58
  141   470   460
  142   196   186
  143   450   440
  144   354   344
  145   115   105
  146   280   270
  147   316   306
  148   388   378
  149   168   158
  150   289   279
  151   337   327
  152   125   115
  153   443   433
  154   277   267
  155   228   218
  156   424   414
  157   485   475
  158   487   477
  159   143   133
  160   434   424
  161   302   292
  162   374   364
  163   134   124
  164    69    59
  165   443   433
  166   220   210
  167   322   312
  168    69    59
  169   366   356
  170   272   262
  171   506   496
  172   395   385
  173    60    50
  174   101    91
  175   225   215
  176   442   432
  177    19     9
  178   339   329
  179   148   138
  180   505   495
  181   281   271
  182   165   155
  183    25    15
  184   336   326
  185   209   199
  186   468   458
  187    24    14
  188   355   345
  189   373   363
  190   307   297
  191   458   448
  192    73    63
  193   338   328
  194   324   314
  195   309   299
  196   407   397
  197   453   443
  198   391   381
  199   277   267
  200   459   449
  201    94    84
  202   427   417
  203   449   439
  204   440   430
  205    19     9
  206   109    99
  207   113   103
  208   432   422
  209   366   356
  210   458   448
  211   175   165
  212    66    56
  213   348   338
  214    73    63
  215   331   321
  216    15     5
  217   291   281
  218   181   171
  219    74    64
  220   291   281
  221   255   245
  222   136   126
  223   444   434
  224   305   295
  225   494   484
  226    44    34
  227   238   228
  228   254   244
  229   510   500
  230   345   335
  231   351   341
  232    16     6
  233   180   170
  234   374   364
  235   450   440
  236   292   282
  237   346   336
  238    65    55
  239   489   479
  240   218   208
  241    32    22
  242   200   190
  243   297   287
  244   457   447
  245   236   226
  246    25    15
  247   419   409
  248   350   340
  249   242   232
  250   242   232
  251    11     1
  252   419   409
  253   288   278
  254   375   365
  255   140   130
  256   189   179
  257    27    17
  258   390   380
  259    32    22
  260   307   297
  261    14     4
  262   393   383
  263    34    24
  264   490   480
  265   267   257
  266   115   105
  267   237   227
  268    45    35
  269   365   355
  270   272   262
  271   495   485
  272   390   380
  273   430   420
  274   407   397
  275    19     9
  276   320   310
  277   510   500
  278   230   220
  279   481   471
  280   360   350
  281   316   306
  282    41    31
  283   277   267
  284    51    41
  285   420   410
  286    32    22
  287    20    10
  288   218   208
  289   334   324
  290   271   261
  291   419   409
  292   217   207
  293   103    93
  294   392   382
  295   384   374
  296   158   148
  297   213   203
  298   303   293
  299   263   253
  300   501   491
  301   362   352
  302   455   445
  303   461   451
  304   333   323
  305   122   112
  306    82    72
  307   109    99
  308   226   216
  309   106    96
  310   335   325
  311    89    79
  312   487   477
  313   371   361
  314    88    78
  315   128   118
  316   112   102
  317    62    52
  318   266   256
  319    78    68
  320   336   326
  321   262   252
  322   117   107
  323   259   249
  324   428   418
  325   459   449
  326   361   351
  327   274   264
  328   320   310
  329    58    48
  330   303   293
  331   391   381
  332   272   262
  333    87    77
  334    78    68
  335   508   498
  336   279   269
  337   406   396
  338   137   127
  339   494   484
  340   112   102
  341   187   177
  342   357   347
  343    18     8
  344    17     7
  345   293   283
  346   341   331
  347   246   236
  348   269   259
  349    31    21
  350   326   316
  351    75    65
  352   443   433
  353   447   437
  354   458   448
  355   106    96
  356   133   123
  357    91    81
  358   197   187
  359   336   326
  360    83    73
  361   360   350
  362   118   108
  363   137   127
  364   396   386
  365   425   415
  366   492   482
  367   353   343
  368    40    30
  369   381   371
  370   248   238
  371   138   128
  372   220   210
  373   263   253
  374   356   346
  375   398   388
  376   431   421
  377   488   478
  378    86    76
  379    30    20
  380    46    36
  381   383   373
  382   471   461
  383    35    25
  384   262   252
  385   473   463
  386   424   414
  387   489   479
  388   355   345
  389   370   360
  390   351   341
  391   450   440
  392   228   218
  393   464   454
  394   227   217
  395   246   236
  396   211   201
  397   471   461
  398   441   431
  399    62    52
  400   191   181
  401    47    37
  402   127   117
  403   421   411
  404   328   318
  405   395   385
  406   299   289
  407    11     1
  408   505   495
  409   199   189
  410   277   267
  411   413   403
  412   283   273
  413   109    99
  414   394   384
  415   298   288
  416   506   496
  417   416   406
  418   437   427
  419   218   208
  420   430   420
  421   453   443
  422   432   422
  423   224   214
  424    20    10
  425    95    85
  426   120   110
  427   273   263
  428   280   270
  429   398   388
  430   386   376
  431   120   110
  432    41    31
  433   297   287
  434    94    84
  435   256   246
  436   340   330
  437   294   284
  438   478   468
  439   499   489
  440   442   432
  441   126   116
  442   196   186
  443   125   115
  444    69    59
  445   394   384
  446    78    68
  447   164   154
  448   475   465
  449   408   398
  450   463   453
  451   508   498
  452   162   152
  453   448   438
  454   175   165
  455   446   436
  456   484   474
  457    96    86
  458   247   237
  459   335   325
  460    19     9
  461   382   372
  462   427   417
  463   287   277
  464   422   412
  465   325   315
  466   157   147
  467   167   157
  468   406   396
  469   166   156
  470   286   276
  471   312   302
  472    19     9
  473   462   452
  474   293   283
  475    98    88
  476    63    53
  477   413   403
  478   436   426
  479   461   451
  480   129   119
  481    42    32
  482   440   430
  483   148   138
  484   416   406
  485   186   176
  486   177   167
  487   192   182
  488   219   209
  489   487   477
  490    78    68
  491   351   341
  492    89    79
  493   490   480
  494   183   173
  495   474   464
  496    66    56
  497   329   319
  498   268   258
  499   249   239
  500   488   478
65073
