100
    1    17    18
    2    11    19
    3    12     5
    4    36    26
    5    20    15
    6    70    64
    7    23    28
    8    22    18
    9    54    60
   10    30    21
   11     5    10
   12    57    58
   13     2     3
   14    79    71
   15    64    67
   16   100    91
   17    82    72
   18    14     7
   19    26    24
   20    52    49
   21    67    64
   22    81    78
   23    40    47
   24    54    57
   25    14    19
   26     1     7
   27     8     1
   28    20    26
   29    68    60
   30    51    46
   31    89    80
   32    43    42
   33    50    46
   34    13     8
   35     1     3
   36    77    76
   37    45    55
   38    44    47
   39    69    79
   40    96    97
   41    10     2
   42    22    20
   43    71    65
   44    19    12
   45    72    82
   46    52    53
   47    44    40
   48    62    72
   49    44    50
   50    28    23
   51    39    37
   52    22    23
   53    20    16
   54    99    99
   55    77    87
   56    92    98
   57    76    80
   58    63    65
   59    66    71
   60    15    13
   61    54    55
   62    73    81
   63    25    34
   64     1     9
   65    38    42
   66    96    95
   67     2    11
   68    26    29
   69    87    87
   70    34    40
   71    60    60
   72    38    40
   73     3     5
   74     1     6
   75    59    58
   76    25    27
   77    34    33
   78    21    18
   79    76    75
   80    42    33
   81    82    92
   82    32    24
   83    24    33
   84    15    12
   85    62    56
   86    97    96
   87    50    50
   88    24    15
   89    12     9
   90    31    38
   91    68    71
   92    10    15
   93    89    99
   94    17    14
   95    65    63
   96    49    48
   97    29    28
   98   101    99
   99    51    43
  100    71    67
2241
