100
    1    47    37
    2    31    21
    3    13     3
    4    36    26
    5    35    25
    6    37    27
    7    32    22
    8    15     5
    9    25    15
   10    51    41
   11    29    19
   12    42    32
   13    14     4
   14    31    21
   15    17     7
   16    43    33
   17    36    26
   18    20    10
   19    27    17
   20    42    32
   21    17     7
   22    58    48
   23    28    18
   24    46    36
   25    13     3
   26    40    30
   27    27    17
   28    19     9
   29    54    44
   30    28    18
   31    24    14
   32    59    49
   33    18     8
   34    39    29
   35    53    43
   36    57    47
   37    48    38
   38    56    46
   39    25    15
   40    11     1
   41    30    20
   42    53    43
   43    55    45
   44    42    32
   45    15     5
   46    49    39
   47    42    32
   48    33    23
   49    48    38
   50    50    40
   51    31    21
   52    40    30
   53    45    35
   54    21    11
   55    25    15
   56    47    37
   57    43    33
   58    33    23
   59    26    16
   60    22    12
   61    13     3
   62    30    20
   63    39    29
   64    55    45
   65    37    27
   66    27    17
   67    58    48
   68    60    50
   69    11     1
   70    11     1
   71    20    10
   72    52    42
   73    39    29
   74    46    36
   75    24    14
   76    58    48
   77    31    21
   78    18     8
   79    16     6
   80    51    41
   81    36    26
   82    33    23
   83    55    45
   84    25    15
   85    41    31
   86    53    43
   87    53    43
   88    54    44
   89    20    10
   90    14     4
   91    16     6
   92    58    48
   93    39    29
   94    46    36
   95    15     5
   96    40    30
   97    48    38
   98    26    16
   99    43    33
  100    27    17
1687
