100
    1   717   781
    2   857   942
    3   937   856
    4   931   925
    5   762   714
    6   711   763
    7   115    75
    8   582   541
    9   856   819
   10   845   812
   11   894   825
   12   248   237
   13   909   810
   14   865   886
   15   341   306
   16   920   846
   17   771   707
   18   659   618
   19   692   679
   20   223   208
   21   122    51
   22   953   953
   23   703   738
   24   933  1000
   25   749   682
   26  1003   970
   27   889   824
   28   721   657
   29   272   315
   30   476   497
   31   930   919
   32   613   677
   33   848   785
   34   273   335
   35   231   306
   36   486   515
   37   155    98
   38   644   614
   39   203   202
   40   652   680
   41   771   853
   42   530   563
   43   864   948
   44   220   159
   45   162   125
   46    56   156
   47   380   471
   48   849   915
   49   937   981
   50   219   202
   51   424   468
   52   565   634
   53   912   947
   54   130   182
   55   146   246
   56    31   121
   57   213   279
   58   283   380
   59   250   306
   60   448   468
   61   604   610
   62   974   884
   63   284   277
   64   475   524
   65   859   833
   66   695   718
   67   241   258
   68  1027  1000
   69   726   714
   70  1007   955
   71    64    75
   72   249   279
   73   759   804
   74   544   601
   75   417   413
   76   161   242
   77   736   648
   78   891   845
   79   935   918
   80   452   484
   81    62   139
   82   409   503
   83   856   936
   84   446   491
   85   202   179
   86   211   115
   87   711   781
   88   768   806
   89   160    96
   90   171   165
   91   484   402
   92   767   790
   93   207   242
   94     1    57
   95   707   798
   96   506   471
   97   493   559
   98   868   954
   99   777   850
  100   329   390
9396
