100
    1    71    37
    2    76    53
    3    77    75
    4     5    72
    5    91    65
    6    82    19
    7    71    54
    8    33    57
    9    60    26
   10    32    67
   11    48    57
   12    36    68
   13    80    53
   14    59    17
   15    68    94
   16    49    14
   17    79    58
   18    47    93
   19    96    38
   20    51    15
   21    43    70
   22    32    45
   23    89     5
   24    73    32
   25    90    38
   26    80    21
   27    61    35
   28    37    65
   29    23    83
   30    62    16
   31    70     3
   32    45    29
   33    17    77
   34   100    98
   35     1     1
   36    42    10
   37    86    29
   38    48    14
   39     8    21
   40    41    56
   41    73    76
   42    15    95
   43    43    31
   44    44    43
   45     4    60
   46    48    56
   47    86    79
   48    30    55
   49    66    88
   50    67    33
   51    64    72
   52    92    13
   53    28    50
   54    66    61
   55    37    54
   56    23    37
   57    48    34
   58    61     4
   59     9    53
   60    44    31
   61    45    74
   62    71    80
   63     3    13
   64    27    48
   65     4     1
   66    98    33
   67    10    42
   68    63    36
   69    94    69
   70    59    87
   71    58     3
   72    28    75
   73    42    51
   74    71     8
   75    96    81
   76    47    70
   77    47    80
   78    86     4
   79    65    54
   80    85    12
   81   100    27
   82    63    35
   83    19    28
   84    75    27
   85     2    99
   86     6    87
   87    11    89
   88    20    69
   89    25    23
   90    20    24
   91    27    98
   92    95    82
   93    63    74
   94    18    97
   95    81    37
   96     8    94
   97    90    66
   98    65    30
   99    86    93
  100    74     9
3276
