100
    1   617   655
    2   959   896
    3   255   346
    4  1009   927
    5   473   508
    6   121   165
    7  1079   981
    8    92    95
    9   965   893
   10   792   822
   11  1012   995
   12   644   679
   13   567   596
   14   232   256
   15   167   228
   16   493   528
   17   613   645
   18   203   188
   19   880   961
   20   827   890
   21   203   277
   22    68    11
   23   203   156
   24   522   514
   25   972   956
   26   595   636
   27  1010   978
   28   869   795
   29   717   805
   30   559   587
   31   118    33
   32     1     7
   33   667   707
   34   375   289
   35   350   300
   36   334   237
   37   204   212
   38   290   280
   39   122   156
   40    96   106
   41    53   151
   42   304   277
   43   266   190
   44   249   273
   45   259   239
   46   638   558
   47   571   609
   48   111    29
   49    82   119
   50   250   252
   51   233   206
   52   329   412
   53   475   493
   54   664   624
   55   456   520
   56   130    75
   57   576   489
   58   828   742
   59   659   644
   60   985   958
   61   556   492
   62   216   278
   63   480   399
   64   416   486
   65    92    51
   66   529   472
   67    97   164
   68   859   850
   69   772   860
   70   308   333
   71   773   845
   72   454   409
   73   520   598
   74     1    11
   75   994   903
   76   314   412
   77     1    26
   78   524   591
   79    30    32
   80   745   782
   81   317   253
   82   655   745
   83   899   930
   84  1017   941
   85   453   533
   86   595   685
   87   351   319
   88   827   816
   89   716   730
   90    19   111
   91   248   332
   92     1    48
   93   275   348
   94   973   971
   95   199   120
   96   330   233
   97   982   905
   98   469   452
   99   843   844
  100   171   144
39675
