100
    1   510   500
    2   428   418
    3   286   276
    4   161   151
    5    36    26
    6   178   168
    7    89    79
    8   254   244
    9   374   364
   10   156   146
   11    28    18
   12   175   165
   13   311   301
   14   476   466
   15   190   180
   16   462   452
   17   203   193
   18   357   347
   19   276   266
   20   313   303
   21   282   272
   22   281   271
   23   357   347
   24   309   299
   25   170   160
   26   269   259
   27   142   132
   28   380   370
   29   143   133
   30   441   431
   31   479   469
   32   454   444
   33   403   393
   34   192   182
   35   222   212
   36   184   174
   37   211   201
   38   233   223
   39   484   474
   40    68    58
   41   367   357
   42   360   350
   43   430   420
   44    21    11
   45   506   496
   46   102    92
   47   485   475
   48   298   288
   49    11     1
   50    11     1
   51   502   492
   52    53    43
   53   468   458
   54   322   312
   55   298   288
   56    18     8
   57   448   438
   58   108    98
   59   385   375
   60   447   437
   61   160   150
   62    43    33
   63   366   356
   64    98    88
   65    26    16
   66   362   352
   67    35    25
   68    29    19
   69   314   304
   70   398   388
   71    51    41
   72   131   121
   73   482   472
   74   231   221
   75   291   281
   76   345   335
   77   354   344
   78   221   211
   79   249   239
   80   322   312
   81   437   427
   82    74    64
   83   348   338
   84   404   394
   85   316   306
   86   496   486
   87   400   390
   88    57    47
   89   413   403
   90   297   287
   91   469   459
   92   233   223
   93   112   102
   94   135   125
   95   300   290
   96    79    69
   97   429   419
   98   335   325
   99    22    12
  100   424   414
8631
