100
    1   165   155
    2   266   256
    3   406   396
    4   402   392
    5   356   346
    6   396   386
    7   437   427
    8   292   282
    9    18     8
   10    77    67
   11   175   165
   12   101    91
   13   491   481
   14    29    19
   15   105    95
   16   175   165
   17   403   393
   18   122   112
   19   332   322
   20   202   192
   21   505   495
   22   251   241
   23   189   179
   24    19     9
   25   106    96
   26   151   141
   27   266   256
   28   510   500
   29   238   228
   30   351   341
   31    38    28
   32   404   394
   33   155   145
   34    34    24
   35   198   188
   36   494   484
   37   471   461
   38   242   232
   39   400   390
   40   349   339
   41   287   277
   42   149   139
   43    21    11
   44   495   485
   45   166   156
   46   152   142
   47    24    14
   48    68    58
   49   466   456
   50   345   335
   51   146   136
   52   162   152
   53   488   478
   54   300   290
   55   305   295
   56   415   405
   57   315   305
   58   146   136
   59    97    87
   60   480   470
   61    43    33
   62   445   435
   63    17     7
   64   188   178
   65   217   207
   66   464   454
   67   299   289
   68   355   345
   69   310   300
   70   467   457
   71   247   237
   72   321   311
   73   222   212
   74   425   415
   75   290   280
   76   211   201
   77   166   156
   78   170   160
   79   116   106
   80   215   205
   81   161   151
   82    88    78
   83   287   277
   84   389   379
   85   200   190
   86   381   371
   87   283   273
   88    99    89
   89   249   239
   90   330   320
   91    68    58
   92   471   461
   93   119   109
   94    76    66
   95    39    29
   96   116   106
   97   129   119
   98   188   178
   99   262   252
  100   161   151
19693
