500
    1   456   437
    2   236   253
    3   168   175
    4   250   272
    5   193   165
    6   235   219
    7   266   254
    8   457   457
    9   346   326
   10   330   367
   11   383   357
   12    33    68
   13    51    53
   14   310   317
   15    97    94
   16   201   214
   17   438   458
   18   131    93
   19   433   438
   20   362   315
   21   428   470
   22    90    45
   23   158   205
   24   260   232
   25   181   138
   26   433   421
   27    68    35
   28   162   165
   29   208   183
   30     7    16
   31   308   303
   32   309   329
   33   472   477
   34   108    98
   35   312   301
   36   202   210
   37    55    29
   38    74   114
   39   344   321
   40   357   356
   41   122    76
   42   227   195
   43   313   331
   44    11    43
   45   477   460
   46   252   256
   47   460   479
   48   122   155
   49   454   488
   50   103   133
   51   274   272
   52   327   313
   53   253   250
   54    33    61
   55   163   154
   56   368   337
   57   185   234
   58   134   104
   59   478   453
   60   431   431
   61   500   474
   62   197   180
   63     1    13
   64   422   448
   65   443   401
   66    13    33
   67   379   342
   68   400   436
   69   187   169
   70   239   287
   71   443   403
   72   152   175
   73   312   351
   74   457   408
   75   325   281
   76   412   370
   77   522   480
   78   402   404
   79   295   254
   80    82   112
   81   384   427
   82   457   435
   83    21    28
   84   135   127
   85   104    99
   86   222   187
   87   109    89
   88   170   169
   89     5    23
   90   154   124
   91   351   398
   92   286   282
   93   280   274
   94   401   397
   95   302   337
   96   513   494
   97   408   366
   98     1    30
   99   430   393
  100    83   109
  101   417   386
  102   179   141
  103   266   223
  104   278   309
  105   122   102
  106   491   483
  107    51    12
  108    39    88
  109   131   120
  110   219   182
  111   317   364
  112   417   392
  113   116   118
  114   427   382
  115   335   294
  116   447   452
  117   129   116
  118   390   434
  119   186   222
  120    27    70
  121   129   157
  122   459   426
  123   399   361
  124    33     4
  125    26     2
  126   164   204
  127   168   197
  128   293   337
  129     1     8
  130    68    28
  131    72    75
  132    92    98
  133   213   212
  134   256   297
  135   119   146
  136    98    51
  137    63    34
  138   227   212
  139    76    59
  140   350   337
  141   132   124
  142   204   246
  143    91    52
  144    60    64
  145   158   162
  146   189   227
  147     1    51
  148    67    28
  149    41    46
  150    64    75
  151   383   358
  152   219   262
  153   310   347
  154   490   485
  155   426   439
  156   170   213
  157   495   455
  158    60    32
  159   499   499
  160   461   454
  161   328   326
  162   237   208
  163   128   119
  164   404   375
  165     1    14
  166   368   383
  167    39    20
  168   241   289
  169   330   351
  170   188   138
  171     1    32
  172   478   463
  173   430   458
  174    73    31
  175   391   388
  176   419   376
  177   505   459
  178   398   398
  179   329   367
  180   347   305
  181   440   424
  182    66    38
  183    66   101
  184   431   461
  185   270   262
  186   226   222
  187   203   155
  188   358   386
  189   185   177
  190    41    22
  191   167   147
  192   190   156
  193   248   273
  194   442   429
  195   414   398
  196   218   215
  197   459   473
  198   469   431
  199   287   256
  200   265   250
  201   436   388
  202   418   390
  203   275   320
  204     1     4
  205     1     4
  206   257   210
  207   311   289
  208   296   343
  209   368   340
  210   331   314
  211   346   297
  212   162   201
  213   355   328
  214   407   438
  215   304   283
  216   129    88
  217    90   121
  218   439   453
  219   403   402
  220   428   443
  221   423   375
  222    38    58
  223   205   170
  224    46    89
  225   111   129
  226   100   133
  227   439   444
  228     1    26
  229   103   128
  230   213   200
  231   327   282
  232     1     3
  233   239   278
  234   415   451
  235   199   198
  236   476   461
  237   139   110
  238   113   110
  239   522   478
  240   346   358
  241   299   346
  242   452   468
  243   435   410
  244   233   204
  245     1    15
  246   416   428
  247   281   239
  248   277   271
  249   256   293
  250   119   129
  251   323   340
  252   201   200
  253   365   322
  254   477   463
  255   372   376
  256   467   450
  257   241   245
  258    98   125
  259   342   292
  260    57    58
  261   493   460
  262   314   318
  263   254   252
  264   255   284
  265   338   308
  266   162   191
  267   187   163
  268    30    13
  269   411   454
  270   425   436
  271   263   289
  272   183   148
  273   527   497
  274    71    44
  275     1    10
  276    60    11
  277   143   116
  278   150   107
  279   103   138
  280   368   401
  281   476   482
  282   113   163
  283    81    76
  284   123   136
  285    28     5
  286   234   206
  287   218   264
  288     1    18
  289   166   162
  290   137   104
  291   434   419
  292   196   197
  293   340   349
  294   184   211
  295   243   236
  296   148   168
  297     1    11
  298   441   419
  299   170   211
  300   302   269
  301   272   297
  302   296   256
  303   451   407
  304   289   306
  305    76    48
  306    77    93
  307    96    64
  308   366   350
  309    93    53
  310   469   464
  311   400   363
  312   444   407
  313   403   451
  314     1    19
  315   427   447
  316   492   463
  317   209   258
  318   356   366
  319    49    27
  320   281   234
  321   463   491
  322   107   144
  323   156   145
  324   455   427
  325    89    42
  326   100    60
  327   506   463
  328   220   248
  329   443   395
  330   352   402
  331   300   289
  332   198   196
  333   387   338
  334   515   489
  335   457   411
  336   348   336
  337    16     8
  338    47     8
  339   279   321
  340   430   421
  341   478   450
  342   217   247
  343    89    99
  344     1     5
  345   121   105
  346   470   460
  347    84    93
  348    34    11
  349   188   146
  350     1     4
  351   122   109
  352   513   489
  353   348   389
  354    96    49
  355    99   149
  356    82   110
  357   140   156
  358   271   272
  359   429   396
  360    98   143
  361    81   115
  362   154   162
  363   472   498
  364   300   267
  365   102   127
  366   345   300
  367   167   134
  368   202   209
  369   364   396
  370   530   496
  371   385   429
  372   273   283
  373   325   301
  374   477   487
  375     1     5
  376   477   498
  377   449   424
  378   321   319
  379   154   157
  380   303   266
  381   385   428
  382   449   484
  383   428   413
  384   331   300
  385   161   188
  386   330   312
  387   191   184
  388   105   127
  389   253   263
  390   137   105
  391   488   476
  392   239   202
  393   416   464
  394   110    95
  395    35    25
  396   365   370
  397   216   201
  398    17     1
  399   446   415
  400    16    30
  401   539   497
  402   130   154
  403   457   415
  404    52    88
  405   101    83
  406   170   141
  407    72    31
  408   195   239
  409   140   183
  410    31     3
  411   488   480
  412   127   100
  413   474   494
  414   442   410
  415   100    68
  416   266   235
  417   150   116
  418   287   301
  419   176   145
  420   411   381
  421    82   102
  422   106   140
  423   371   322
  424   276   317
  425     1    13
  426   423   430
  427   221   207
  428   267   225
  429   269   271
  430   415   395
  431   162   188
  432   296   279
  433   391   435
  434   163   158
  435   315   292
  436    20    54
  437   277   231
  438   412   445
  439   168   175
  440    36    60
  441   389   439
  442    12    57
  443   493   481
  444   220   235
  445   481   440
  446   136    97
  447   369   330
  448   242   278
  449   357   332
  450   413   396
  451    26    46
  452   130   178
  453   327   334
  454     1    32
  455   274   271
  456    73    87
  457   224   244
  458   275   255
  459   210   244
  460   347   355
  461   192   194
  462   252   227
  463    43    70
  464   103    75
  465   482   477
  466    99   143
  467   124   159
  468   357   407
  469    88   107
  470   462   486
  471    78    61
  472     1    36
  473   333   291
  474   180   169
  475   505   469
  476     1     8
  477   291   300
  478    94   101
  479     1    22
  480     1    36
  481    17    44
  482   257   212
  483   320   308
  484   530   495
  485    44    18
  486   302   254
  487   454   431
  488   237   225
  489   231   262
  490   335   286
  491   126   120
  492   473   468
  493   183   186
  494   210   188
  495   333   332
  496   220   191
  497   322   272
  498   439   478
  499   322   357
  500   226   239
82256
