500
    1   110   100
    2    28    18
    3    86    76
    4    61    51
    5    36    26
    6    78    68
    7    89    79
    8    54    44
    9    74    64
   10    56    46
   11    28    18
   12    75    65
   13    11     1
   14    76    66
   15    90    80
   16    62    52
   17   103    93
   18    57    47
   19    76    66
   20    13     3
   21    82    72
   22    81    71
   23    57    47
   24   109    99
   25    70    60
   26    69    59
   27    42    32
   28    80    70
   29    43    33
   30    41    31
   31    79    69
   32    54    44
   33   103    93
   34    92    82
   35    22    12
   36    84    74
   37    11     1
   38    33    23
   39    84    74
   40    68    58
   41    67    57
   42    60    50
   43    30    20
   44    21    11
   45   106    96
   46   102    92
   47    85    75
   48    98    88
   49    11     1
   50    11     1
   51   102    92
   52    53    43
   53    68    58
   54    22    12
   55    98    88
   56    18     8
   57    48    38
   58   108    98
   59    85    75
   60    47    37
   61    60    50
   62    43    33
   63    66    56
   64    98    88
   65    26    16
   66    62    52
   67    35    25
   68    29    19
   69    14     4
   70    98    88
   71    51    41
   72    31    21
   73    82    72
   74    31    21
   75    91    81
   76    45    35
   77    54    44
   78    21    11
   79    49    39
   80    22    12
   81    37    27
   82    74    64
   83    48    38
   84   104    94
   85    16     6
   86    96    86
   87   100    90
   88    57    47
   89    13     3
   90    97    87
   91    69    59
   92    33    23
   93    12     2
   94    35    25
   95   100    90
   96    79    69
   97    29    19
   98    35    25
   99    22    12
  100    24    14
  101    13     3
  102    57    47
  103    34    24
  104    17     7
  105    91    81
  106   105    95
  107    54    44
  108    31    21
  109    23    13
  110   110   100
  111    70    60
  112    28    18
  113    43    33
  114    25    15
  115    29    19
  116   102    92
  117    98    88
  118    66    56
  119    96    86
  120    29    19
  121    39    29
  122   106    96
  123    93    83
  124   100    90
  125    66    56
  126    64    54
  127    81    71
  128    24    14
  129   102    92
  130    69    59
  131    66    56
  132    11     1
  133    99    89
  134    91    81
  135    25    15
  136    52    42
  137    14     4
  138    71    61
  139    12     2
  140    76    66
  141    28    18
  142    15     5
  143    24    14
  144    61    51
  145    60    50
  146    99    89
  147    13     3
  148    88    78
  149    46    36
  150    73    63
  151    95    85
  152    92    82
  153    97    87
  154    96    86
  155    41    31
  156    51    41
  157   107    97
  158    90    80
  159    73    63
  160    82    72
  161    76    66
  162    37    27
  163    24    14
  164    64    54
  165    49    39
  166    20    10
  167    16     6
  168    52    42
  169    32    22
  170    31    21
  171    16     6
  172    75    65
  173    22    12
  174    72    62
  175    70    60
  176    53    43
  177    12     2
  178    50    40
  179    61    51
  180    89    79
  181    47    37
  182    84    74
  183    67    57
  184    68    58
  185    27    17
  186    64    54
  187    50    40
  188    91    81
  189    90    80
  190    30    20
  191    19     9
  192    21    11
  193    99    89
  194    47    37
  195    87    77
  196    38    28
  197   110   100
  198    87    77
  199    34    24
  200    27    17
  201    91    81
  202    99    89
  203    54    44
  204    60    50
  205   104    94
  206    93    83
  207   106    96
  208    72    62
  209    19     9
  210    29    19
  211    48    38
  212    61    51
  213    73    63
  214    88    78
  215    65    55
  216    95    85
  217    53    43
  218    20    10
  219    63    53
  220    51    41
  221    45    35
  222    72    62
  223    77    67
  224    36    26
  225    59    49
  226   100    90
  227    91    81
  228    94    84
  229   107    97
  230   100    90
  231    49    39
  232    79    69
  233    25    15
  234    97    87
  235    55    45
  236    71    61
  237    59    49
  238    36    26
  239   107    97
  240    25    15
  241    98    88
  242    44    34
  243    59    49
  244    29    19
  245   102    92
  246   104    94
  247    17     7
  248    65    55
  249    71    61
  250    74    64
  251   101    91
  252    87    77
  253    70    60
  254    51    41
  255    34    24
  256    40    30
  257    29    19
  258    34    24
  259    25    15
  260    71    61
  261    44    34
  262    85    75
  263    59    49
  264    25    15
  265    21    11
  266    18     8
  267    66    56
  268    25    15
  269    75    65
  270   108    98
  271    28    18
  272    74    64
  273   107    97
  274    59    49
  275    17     7
  276    16     6
  277    44    34
  278    13     3
  279    14     4
  280    80    70
  281    89    79
  282    64    54
  283    91    81
  284    79    69
  285    85    75
  286    40    30
  287    57    47
  288    98    88
  289    95    85
  290    18     8
  291   100    90
  292   105    95
  293    44    34
  294    63    53
  295    29    19
  296    17     7
  297    71    61
  298    87    77
  299    40    30
  300    17     7
  301    55    45
  302    27    17
  303    59    49
  304    49    39
  305    96    86
  306    18     8
  307    22    12
  308    22    12
  309    72    62
  310    11     1
  311    46    36
  312    30    20
  313    84    74
  314   104    94
  315    13     3
  316    87    77
  317    16     6
  318    50    40
  319    91    81
  320    75    65
  321    87    77
  322    57    47
  323   101    91
  324    32    22
  325    88    78
  326    52    42
  327    56    46
  328    55    45
  329    99    89
  330    71    61
  331    88    78
  332   103    93
  333    37    27
  334    29    19
  335    18     8
  336    94    84
  337    60    50
  338    64    54
  339    39    29
  340    63    53
  341    25    15
  342    77    67
  343    56    46
  344    48    38
  345    19     9
  346    96    86
  347    52    42
  348    12     2
  349    73    63
  350    37    27
  351    65    55
  352    62    52
  353    32    22
  354    29    19
  355   103    93
  356    84    74
  357    12     2
  358    52    42
  359    50    40
  360    91    81
  361    77    67
  362    37    27
  363    19     9
  364    60    50
  365    38    28
  366    71    61
  367    34    24
  368    91    81
  369    99    89
  370    35    25
  371    51    41
  372    96    86
  373    52    42
  374    63    53
  375   107    97
  376    18     8
  377    90    80
  378    30    20
  379    19     9
  380    49    39
  381   108    98
  382    23    13
  383   105    95
  384    46    36
  385    62    52
  386    96    86
  387    38    28
  388   110   100
  389    31    21
  390    50    40
  391    68    58
  392    36    26
  393    46    36
  394    91    81
  395    44    34
  396    74    64
  397    69    59
  398    89    79
  399    55    45
  400    22    12
  401    89    79
  402    18     8
  403    43    33
  404    44    34
  405    61    51
  406   102    92
  407   109    99
  408   104    94
  409    85    75
  410    56    46
  411   107    97
  412    39    29
  413    26    16
  414    41    31
  415    36    26
  416    30    20
  417    81    71
  418    12     2
  419    19     9
  420    29    19
  421    98    88
  422    99    89
  423    38    28
  424    83    73
  425    53    43
  426   107    97
  427   107    97
  428    67    57
  429    96    86
  430    82    72
  431    33    23
  432    13     3
  433    62    52
  434    97    87
  435    42    32
  436    63    53
  437    67    57
  438    74    64
  439    44    34
  440    93    83
  441    68    58
  442    88    78
  443    83    73
  444    85    75
  445   107    97
  446    74    64
  447    22    12
  448    71    61
  449    78    68
  450    47    37
  451    82    72
  452    74    64
  453    41    31
  454    78    68
  455    47    37
  456   100    90
  457    53    43
  458    11     1
  459    69    59
  460   103    93
  461    71    61
  462    82    72
  463    52    42
  464    69    59
  465    55    45
  466   100    90
  467    72    62
  468    26    16
  469    31    21
  470    42    32
  471    62    52
  472    19     9
  473    11     1
  474   101    91
  475    67    57
  476    63    53
  477    39    29
  478    24    14
  479    47    37
  480    97    87
  481    27    17
  482    27    17
  483   109    99
  484    95    85
  485    43    33
  486    56    46
  487    77    67
  488    54    44
  489    40    30
  490    26    16
  491    73    63
  492    92    82
  493    24    14
  494    74    64
  495    68    58
  496    97    87
  497    54    44
  498    31    21
  499    58    48
  500    76    66
8323
