500
    1    91    81
    2    52    42
    3    52    42
    4    52    42
    5    66    56
    6    78    68
    7    35    25
    8    78    68
    9    24    14
   10    87    77
   11    73    63
   12    67    57
   13    85    75
   14    27    17
   15    51    41
   16    29    19
   17    29    19
   18   104    94
   19    22    12
   20    44    34
   21    35    25
   22    97    87
   23    47    37
   24    37    27
   25    20    10
   26   109    99
   27    96    86
   28    40    30
   29    16     6
   30    69    59
   31    56    46
   32   110   100
   33    17     7
   34    40    30
   35    28    18
   36    48    38
   37    89    79
   38    96    86
   39    18     8
   40    79    69
   41    61    51
   42    63    53
   43    63    53
   44    69    59
   45    48    38
   46    50    40
   47   110   100
   48   106    96
   49    92    82
   50    67    57
   51    80    70
   52    80    70
   53    34    24
   54    94    84
   55    67    57
   56    57    47
   57    25    15
   58    96    86
   59   107    97
   60    38    28
   61    29    19
   62    71    61
   63    87    77
   64    66    56
   65    95    85
   66    34    24
   67    45    35
   68    85    75
   69    16     6
   70    49    39
   71    25    15
   72    63    53
   73   108    98
   74    95    85
   75    24    14
   76    93    83
   77    12     2
   78    68    58
   79    90    80
   80    57    47
   81    63    53
   82    78    68
   83    73    63
   84    39    29
   85    58    48
   86    59    49
   87    69    59
   88    13     3
   89    35    25
   90    88    78
   91    66    56
   92    21    11
   93    81    71
   94    46    36
   95    25    15
   96    94    84
   97    91    81
   98    22    12
   99    12     2
  100    47    37
  101    78    68
  102    49    39
  103    44    34
  104    24    14
  105    57    47
  106    93    83
  107    92    82
  108    63    53
  109    56    46
  110    42    32
  111    31    21
  112    72    62
  113    89    79
  114   104    94
  115    90    80
  116    26    16
  117    16     6
  118    90    80
  119    78    68
  120    17     7
  121    20    10
  122    86    76
  123    94    84
  124    60    50
  125    87    77
  126    43    33
  127    34    24
  128    71    61
  129    43    33
  130    92    82
  131    28    18
  132    63    53
  133    68    58
  134    35    25
  135   110   100
  136    91    81
  137    24    14
  138    50    40
  139    65    55
  140    75    65
  141    85    75
  142    35    25
  143    89    79
  144    77    67
  145    14     4
  146    27    17
  147    11     1
  148    95    85
  149    23    13
  150    56    46
  151    52    42
  152    60    50
  153    58    48
  154    16     6
  155    55    45
  156    79    69
  157    28    18
  158   102    92
  159    94    84
  160    21    11
  161    49    39
  162   101    91
  163    13     3
  164    60    50
  165    46    36
  166    11     1
  167   101    91
  168    28    18
  169    89    79
  170    99    89
  171    25    15
  172    54    44
  173    91    81
  174    44    34
  175    16     6
  176    65    55
  177   106    96
  178    54    44
  179    75    65
  180    64    54
  181    12     2
  182    12     2
  183   100    90
  184   107    97
  185    52    42
  186    67    57
  187    67    57
  188    18     8
  189   108    98
  190    46    36
  191    81    71
  192    68    58
  193    69    59
  194    79    69
  195    64    54
  196    78    68
  197    60    50
  198    82    72
  199   100    90
  200   102    92
  201    89    79
  202    62    52
  203    60    50
  204    79    69
  205    90    80
  206    68    58
  207   100    90
  208    11     1
  209    73    63
  210   101    91
  211    30    20
  212    65    55
  213   107    97
  214    12     2
  215    98    88
  216    74    64
  217    14     4
  218    60    50
  219    45    35
  220   110   100
  221    26    16
  222   107    97
  223    19     9
  224    60    50
  225    33    23
  226    47    37
  227    37    27
  228    33    23
  229    13     3
  230    64    54
  231    38    28
  232    35    25
  233    79    69
  234    21    11
  235    53    43
  236    43    33
  237    73    63
  238   108    98
  239    16     6
  240    25    15
  241    55    45
  242    95    85
  243    20    10
  244   108    98
  245    67    57
  246    92    82
  247    22    12
  248    89    79
  249   109    99
  250   105    95
  251    98    88
  252    62    52
  253    43    33
  254    18     8
  255    35    25
  256    92    82
  257    38    28
  258    77    67
  259    27    17
  260    26    16
  261    73    63
  262    76    66
  263    85    75
  264    69    59
  265    66    56
  266    30    20
  267    96    86
  268    12     2
  269    92    82
  270    43    33
  271    70    60
  272    49    39
  273    93    83
  274   110   100
  275    14     4
  276    19     9
  277    85    75
  278    97    87
  279    56    46
  280    99    89
  281    71    61
  282    96    86
  283    12     2
  284    98    88
  285    51    41
  286    55    45
  287   103    93
  288    85    75
  289    57    47
  290    66    56
  291    82    72
  292    92    82
  293    86    76
  294    35    25
  295    67    57
  296    69    59
  297    20    10
  298    62    52
  299    18     8
  300    32    22
  301    41    31
  302    98    88
  303    56    46
  304    64    54
  305    61    51
  306    53    43
  307    28    18
  308   109    99
  309    29    19
  310    94    84
  311    12     2
  312    74    64
  313    90    80
  314    19     9
  315    99    89
  316    63    53
  317    69    59
  318    41    31
  319    97    87
  320    15     5
  321    13     3
  322    96    86
  323    42    32
  324    35    25
  325    18     8
  326    36    26
  327    45    35
  328    83    73
  329    41    31
  330    38    28
  331    86    76
  332    35    25
  333    94    84
  334    81    71
  335    27    17
  336    18     8
  337    13     3
  338    92    82
  339    77    67
  340    23    13
  341    62    52
  342    88    78
  343   101    91
  344    72    62
  345    52    42
  346    44    34
  347    57    47
  348    56    46
  349   106    96
  350    41    31
  351    46    36
  352    82    72
  353   110   100
  354   109    99
  355   101    91
  356    36    26
  357    26    16
  358   108    98
  359    71    61
  360    98    88
  361   103    93
  362    57    47
  363   108    98
  364    31    21
  365    44    34
  366    51    41
  367    16     6
  368    51    41
  369    16     6
  370    23    13
  371    57    47
  372    63    53
  373    50    40
  374    79    69
  375   109    99
  376   106    96
  377    91    81
  378    73    63
  379    17     7
  380    53    43
  381    26    16
  382    66    56
  383    74    64
  384    29    19
  385    52    42
  386    67    57
  387    88    78
  388    66    56
  389    93    83
  390    42    32
  391    93    83
  392    43    33
  393    35    25
  394    54    44
  395    49    39
  396    46    36
  397    74    64
  398    44    34
  399    57    47
  400    54    44
  401    38    28
  402   110   100
  403    64    54
  404    59    49
  405    26    16
  406   106    96
  407   106    96
  408   104    94
  409    78    68
  410    28    18
  411    92    82
  412   102    92
  413    36    26
  414    89    79
  415    81    71
  416    45    35
  417    47    37
  418    88    78
  419    13     3
  420    37    27
  421    44    34
  422    75    65
  423    43    33
  424    47    37
  425   102    92
  426   103    93
  427    32    22
  428    63    53
  429   101    91
  430    77    67
  431    55    45
  432    76    66
  433    28    18
  434   109    99
  435    27    17
  436    95    85
  437    49    39
  438    61    51
  439    98    88
  440    45    35
  441   109    99
  442    79    69
  443    40    30
  444    92    82
  445    21    11
  446    69    59
  447    87    77
  448    66    56
  449    39    29
  450    30    20
  451    47    37
  452    93    83
  453    35    25
  454    90    80
  455    57    47
  456    15     5
  457    11     1
  458    74    64
  459    94    84
  460    94    84
  461    69    59
  462    46    36
  463    18     8
  464    25    15
  465    92    82
  466    52    42
  467    78    68
  468    45    35
  469    89    79
  470   105    95
  471    11     1
  472   110   100
  473    53    43
  474   100    90
  475    37    27
  476    62    52
  477    64    54
  478    11     1
  479    40    30
  480    56    46
  481    13     3
  482    15     5
  483    71    61
  484    83    73
  485   101    91
  486    36    26
  487    63    53
  488    98    88
  489   102    92
  490    81    71
  491    94    84
  492   104    94
  493    57    47
  494    74    64
  495    61    51
  496    21    11
  497    72    62
  498    87    77
  499    60    50
  500    55    45
4280
