100
    1   110   100
    2    28    18
    3    86    76
    4    61    51
    5    36    26
    6    78    68
    7    89    79
    8    54    44
    9    74    64
   10    56    46
   11    28    18
   12    75    65
   13    11     1
   14    76    66
   15    90    80
   16    62    52
   17   103    93
   18    57    47
   19    76    66
   20    13     3
   21    82    72
   22    81    71
   23    57    47
   24   109    99
   25    70    60
   26    69    59
   27    42    32
   28    80    70
   29    43    33
   30    41    31
   31    79    69
   32    54    44
   33   103    93
   34    92    82
   35    22    12
   36    84    74
   37    11     1
   38    33    23
   39    84    74
   40    68    58
   41    67    57
   42    60    50
   43    30    20
   44    21    11
   45   106    96
   46   102    92
   47    85    75
   48    98    88
   49    11     1
   50    11     1
   51   102    92
   52    53    43
   53    68    58
   54    22    12
   55    98    88
   56    18     8
   57    48    38
   58   108    98
   59    85    75
   60    47    37
   61    60    50
   62    43    33
   63    66    56
   64    98    88
   65    26    16
   66    62    52
   67    35    25
   68    29    19
   69    14     4
   70    98    88
   71    51    41
   72    31    21
   73    82    72
   74    31    21
   75    91    81
   76    45    35
   77    54    44
   78    21    11
   79    49    39
   80    22    12
   81    37    27
   82    74    64
   83    48    38
   84   104    94
   85    16     6
   86    96    86
   87   100    90
   88    57    47
   89    13     3
   90    97    87
   91    69    59
   92    33    23
   93    12     2
   94    35    25
   95   100    90
   96    79    69
   97    29    19
   98    35    25
   99    22    12
  100    24    14
1631
