500
    1   271   437
    2   376   253
    3   377   175
    4   205   272
    5   491   165
    6   282   219
    7   271   254
    8   133   457
    9   460   326
   10   332   367
   11   148   357
   12   336    68
   13   180    53
   14    59   317
   15   268    94
   16   449   214
   17   179   458
   18    47    93
   19   396   438
   20   451   315
   21    43   470
   22    32    45
   23   189   205
   24   173   232
   25   390   138
   26   180   421
   27   361    35
   28   337   165
   29   123   183
   30    62    16
   31    70   303
   32    45   329
   33   317   477
   34   300    98
   35   101   301
   36    42   210
   37   286    29
   38   348   114
   39   408   321
   40   241   356
   41    73    76
   42   115   195
   43   243   331
   44   344    43
   45   104   460
   46    48   256
   47    86   479
   48    30   155
   49   266   488
   50   367   133
   51   364   272
   52    92   313
   53   428   250
   54   266    61
   55   437   154
   56   323   337
   57   248   234
   58   461   104
   59   209   453
   60   144   431
   61   145   474
   62   271   180
   63   203    13
   64    27   448
   65   304   401
   66   498    33
   67    10   342
   68   363   436
   69   394   169
   70   259   287
   71   158   403
   72   328   175
   73    42   351
   74   371   408
   75   496   281
   76    47   370
   77   447   480
   78    86   404
   79   465   254
   80   285   112
   81   500   427
   82   163   435
   83   119    28
   84   475   127
   85   302    99
   86   206   187
   87   111    89
   88   420   169
   89    25    23
   90   220   124
   91    27   398
   92   295   282
   93   263   274
   94   418   397
   95    81   337
   96   308   494
   97    90   366
   98   465    30
   99   386   393
  100   274   109
  101   454   386
  102   411   141
  103   324   223
  104    83   309
  105   376   102
  106   452   483
  107   239    12
  108    26    88
  109   439   120
  110   222   182
  111    91   364
  112   471   392
  113    79   118
  114   305   382
  115   379   294
  116    42   452
  117    40   116
  118    10   434
  119    83   222
  120   308    70
  121   339   157
  122   176   426
  123   327   361
  124   124     4
  125   109     2
  126   342   204
  127    90   197
  128    27   337
  129    29     8
  130   142    28
  131   392    75
  132   444    98
  133   401   212
  134   448   297
  135   327   146
  136   105    51
  137    54    34
  138   207   212
  139   136    59
  140   131   337
  141   307   124
  142   422   246
  143   315    52
  144   421    64
  145   221   162
  146   420   227
  147     2    51
  148   288    28
  149   218    46
  150   276    75
  151    74   358
  152   308   262
  153   237   347
  154   229   485
  155   442   439
  156   125   213
  157   163   455
  158   426    32
  159   365   499
  160   378   454
  161    68   326
  162   207   208
  163   367   119
  164    82   375
  165   218    14
  166    30   383
  167   316    20
  168   353   289
  169    99   351
  170   450   138
  171   136    32
  172   275   463
  173   383   458
  174   307    31
  175   412   388
  176   213   376
  177    76   459
  178   271   398
  179   131   367
  180    66   305
  181    88   424
  182   223    38
  183   410   101
  184   478   461
  185    50   262
  186    43   222
  187   438   155
  188   233   386
  189   241   177
  190   124    22
  191   118   147
  192   161   156
  193   343   273
  194   389   429
  195   449   398
  196   411   215
  197   246   473
  198   429   431
  199    84   256
  200   257   250
  201   133   388
  202     3   390
  203   393   320
  204   295     4
  205   287     4
  206   210   210
  207   436   289
  208   481   343
  209   243   340
  210    20   314
  211   446   297
  212   138   201
  213   422   328
  214   474   438
  215   481   283
  216    68    88
  217   180   121
  218   398   453
  219    81   402
  220   372   443
  221   487   375
  222   352    58
  223   273   170
  224    70    89
  225   270   129
  226   133   133
  227   461   444
  228   359    26
  229   482   128
  230   326   200
  231   153   282
  232    56     3
  233   295   278
  234    77   451
  235   213   198
  236    10   461
  237   276   110
  238   254   110
  239   439   478
  240   160   358
  241   334   346
  242    26   468
  243   295   410
  244   473   204
  245   121    15
  246   367   428
  247   173   239
  248   132   271
  249   302   293
  250   399   129
  251   413   340
  252   191   200
  253   193   322
  254   304   463
  255   438   376
  256   262   450
  257   449   245
  258   289   125
  259   456   292
  260   342    58
  261   394   460
  262   399   318
  263   165   252
  264   155   284
  265   374   308
  266   276   191
  267    63   163
  268   188    13
  269    48   454
  270   222   436
  271   427   289
  272   294   148
  273   421   497
  274   198    44
  275    75    10
  276   392    11
  277   319   116
  278   194   107
  279   184   138
  280   324   401
  281   145   482
  282    16   163
  283   392    76
  284   404   136
  285   356     5
  286   313   206
  287    49   264
  288    70    18
  289   136   162
  290   483   104
  291   356   419
  292   144   197
  293   167   349
  294   366   211
  295   207   236
  296   472   168
  297   240    11
  298   436   419
  299   102   211
  300   364   269
  301   409   297
  302   364   256
  303   241   407
  304    23   306
  305   369    48
  306   202    93
  307   244    64
  308    10   350
  309   442    53
  310   369   464
  311   157   363
  312   343   407
  313   471   451
  314   459    19
  315    33   447
  316   217   463
  317   358   258
  318   200   366
  319   339    27
  320   380   234
  321    23   491
  322   134   144
  323    98   145
  324   265   427
  325   156    42
  326    82    60
  327   483   463
  328    44   248
  329    18   395
  330    33   402
  331   332   289
  332   281   196
  333    73   338
  334   319   489
  335   146   411
  336   435   336
  337   448     8
  338   308     8
  339   247   321
  340   187   421
  341   212   450
  342   265   247
  343    52    99
  344   437     5
  345     6   105
  346   338   460
  347    44    93
  348    32    11
  349    97   146
  350   423     4
  351   210   109
  352   298   489
  353   439   389
  354   346    49
  355   303   149
  356   418   110
  357   280   156
  358   231   272
  359   189   396
  360   380   143
  361    21   115
  362   291   162
  363   288   498
  364    60   267
  365   282   127
  366   116   300
  367   380   134
  368   306   209
  369    76   396
  370   490   496
  371   141   429
  372   107   283
  373   371   301
  374   311   487
  375   113     5
  376   206   498
  377   412   424
  378   235   319
  379   433   157
  380   263   266
  381   268   428
  382   140   484
  383   484   413
  384   283   300
  385     7   188
  386   143   312
  387   490   184
  388   337   127
  389   325   263
  390   117   105
  391   209   476
  392    15   202
  393   500   464
  394   159    95
  395    11    25
  396   270   370
  397    27   201
  398   437     1
  399   245   415
  400    21    30
  401   207   497
  402   414   154
  403    41   415
  404   206    88
  405   194    83
  406   261   141
  407   321    31
  408   134   239
  409   383   183
  410   413     3
  411   389   480
  412   421   100
  413   251   494
  414   370   410
  415   268    68
  416   447   235
  417    10   116
  418   230   301
  419   183   145
  420   472   381
  421   174   102
  422   436   140
  423   415   322
  424   240   317
  425   102    13
  426   355   430
  427    31   207
  428   352   225
  429   188   271
  430    55   395
  431    72   188
  432    14   279
  433   195   435
  434   199   158
  435    91   292
  436   224    54
  437   141   231
  438   133   445
  439   378   175
  440   225    60
  441   458   439
  442   176    57
  443   410   481
  444    46   235
  445   374   440
  446   405    97
  447   322   330
  448   266   278
  449   426   332
  450   197   396
  451   481    46
  452   390   178
  453   175   334
  454   148    32
  455   372   271
  456     5    87
  457   365   244
  458   181   255
  459   354   244
  460   344   355
  461   469   194
  462    95   227
  463    45    70
  464   215    75
  465   459   477
  466   377   143
  467    31   159
  468   253   407
  469   453   107
  470   234   486
  471    21    61
  472   428    36
  473   153   291
  474   369   169
  475   350   469
  476    26     8
  477   173   300
  478   465   101
  479   146    22
  480   237    36
  481   486    44
  482    42   212
  483    27   308
  484   231   495
  485   157    18
  486    62   254
  487   143   431
  488   485   225
  489   228   262
  490   164   286
  491   450   120
  492   328   468
  493    91   186
  494   128   188
  495   232   332
  496   159   191
  497   263   272
  498   236   478
  499   433   357
  500   374   239
82256
