100
    1    28    37
    2    50    53
    3    66    75
    4    72    72
    5    66    65
    6    25    19
    7    44    54
    8    62    57
    9    31    26
   10    73    67
   11    54    57
   12    69    68
   13    57    53
   14    14    17
   15    86    94
   16    24    14
   17    52    58
   18    96    93
   19    47    38
   20    12    15
   21    80    70
   22    38    45
   23     1     5
   24    26    32
   25    31    38
   26    12    21
   27    42    35
   28    61    65
   29    83    83
   30    20    16
   31    13     3
   32    39    29
   33    71    77
   34    95    98
   35     1     1
   36    14    10
   37    34    29
   38    14    14
   39    16    21
   40    66    56
   41    80    76
   42    98    95
   43    38    31
   44    53    43
   45    63    60
   46    53    56
   47    82    79
   48    61    55
   49    86    88
   50    34    33
   51    71    72
   52     6    13
   53    51    50
   54    60    61
   55    63    54
   56    39    37
   57    40    34
   58     8     4
   59    43    53
   60    36    31
   61    83    74
   62    72    80
   63     3    13
   64    54    48
   65     6     1
   66    38    33
   67    48    42
   68    44    36
   69    69    69
   70    91    87
   71     3     3
   72    66    75
   73    48    51
   74    15     8
   75    90    81
   76    71    70
   77    76    80
   78     3     4
   79    59    54
   80    22    12
   81    17    27
   82    44    35
   83    20    28
   84    21    27
   85   103    99
   86    83    87
   87    81    89
   88    65    69
   89    23    23
   90    33    24
   91   102    98
   92    74    82
   93    81    74
   94    95    97
   95    29    37
   96    96    94
   97    74    66
   98    24    30
   99   103    93
  100     6     9
3276
