100
    1   106   100
    2    77    76
    3    19    26
    4    85    79
    5    66    64
    6    23    18
    7     1     1
    8    84    80
    9    90    93
   10    66    66
   11    77    72
   12    51    47
   13    53    60
   14    37    32
   15    26    33
   16    76    69
   17    84    93
   18    22    12
   19     1     1
   20    84    74
   21    54    57
   22    11    20
   23    98    96
   24    74    75
   25     1     1
   26    94    92
   27    51    58
   28    94    88
   29    32    38
   30    74    75
   31    44    50
   32    60    56
   33    21    16
   34    24    25
   35     8     4
   36    38    41
   37    75    72
   38    87    81
   39    38    44
   40    49    39
   41    17    27
   42    48    38
   43    12     6
   44    80    90
   45     2     3
   46    59    59
   47     8     2
   48    94    90
   49    10    19
   50    22    12
   51     7     3
   52    30    24
   53    74    81
   54    36    44
   55     4    13
   56    58    60
   57    28    33
   58    10    19
   59    87    88
   60    84    86
   61    30    29
   62    74    83
   63    62    56
   64    80    71
   65    88    92
   66    52    56
   67    85    89
   68    23    15
   69    13     4
   70     1     2
   71     9    18
   72    10    14
   73    40    50
   74     1     3
   75    30    36
   76    79    85
   77    92    87
   78    37    31
   79   106    97
   80    59    63
   81    76    66
   82    20    14
   83    38    39
   84     1     6
   85    29    22
   86    13     6
   87    11    12
   88    60    60
   89     1     2
   90    58    51
   91    39    37
   92    56    57
   93    12    17
   94    36    40
   95    78    80
   96     2     9
   97    82    89
   98    86    77
   99   107   100
  100    28    24
1570
