100
    1   291   281
    2   252   242
    3   452   442
    4   452   442
    5   366   356
    6   478   468
    7   435   425
    8   178   168
    9   224   214
   10   387   377
   11   273   263
   12   367   357
   13    85    75
   14   227   217
   15    51    41
   16   429   419
   17   329   319
   18   204   194
   19   322   312
   20   144   134
   21   335   325
   22   497   487
   23   247   237
   24   137   127
   25   320   310
   26   309   299
   27   396   386
   28   440   430
   29   316   306
   30   369   359
   31   356   346
   32   510   500
   33   217   207
   34    40    30
   35   128   118
   36   248   238
   37   189   179
   38   396   386
   39   218   208
   40   179   169
   41    61    51
   42   263   253
   43   463   453
   44    69    59
   45   248   238
   46   150   140
   47   510   500
   48   106    96
   49   192   182
   50    67    57
   51   480   470
   52    80    70
   53   334   324
   54   394   384
   55   167   157
   56   257   247
   57   325   315
   58    96    86
   59   507   497
   60    38    28
   61   429   419
   62   371   361
   63   187   177
   64   466   456
   65   295   285
   66    34    24
   67   345   335
   68   485   475
   69   316   306
   70   349   339
   71    25    15
   72   363   353
   73   108    98
   74   295   285
   75   124   114
   76   493   483
   77   212   202
   78   468   458
   79   190   180
   80   357   347
   81   363   353
   82   378   368
   83    73    63
   84   139   129
   85   458   448
   86    59    49
   87   169   159
   88   313   303
   89   135   125
   90   388   378
   91   166   156
   92   321   311
   93   481   471
   94   346   336
   95   425   415
   96   194   184
   97   491   481
   98   422   412
   99   212   202
  100   447   437
4582
