500
    1    21    37
    2    26     3
    3    27    25
    4     5    22
    5    41    15
    6    32    19
    7    21     4
    8    33     7
    9    10    26
   10    32    17
   11    48     7
   12    36    18
   13    30     3
   14     9    17
   15    18    44
   16    49    14
   17    29     8
   18    47    43
   19    46    38
   20     1    15
   21    43    20
   22    32    45
   23    39     5
   24    23    32
   25    40    38
   26    30    21
   27    11    35
   28    37    15
   29    23    33
   30    12    16
   31    20     3
   32    45    29
   33    17    27
   34    50    48
   35     1     1
   36    42    10
   37    36    29
   38    48    14
   39     8    21
   40    41     6
   41    23    26
   42    15    45
   43    43    31
   44    44    43
   45     4    10
   46    48     6
   47    36    29
   48    30     5
   49    16    38
   50    17    33
   51    14    22
   52    42    13
   53    28    50
   54    16    11
   55    37     4
   56    23    37
   57    48    34
   58    11     4
   59     9     3
   60    44    31
   61    45    24
   62    21    30
   63     3    13
   64    27    48
   65     4     1
   66    48    33
   67    10    42
   68    13    36
   69    44    19
   70     9    37
   71     8     3
   72    28    25
   73    42     1
   74    21     8
   75    46    31
   76    47    20
   77    47    30
   78    36     4
   79    15     4
   80    35    12
   81    50    27
   82    13    35
   83    19    28
   84    25    27
   85     2    49
   86     6    37
   87    11    39
   88    20    19
   89    25    23
   90    20    24
   91    27    48
   92    45    32
   93    13    24
   94    18    47
   95    31    37
   96     8    44
   97    40    16
   98    15    30
   99    36    43
  100    24     9
  101     4    36
  102    11    41
  103    24    23
  104    33     9
  105    26     2
  106     2    33
  107    39    12
  108    26    38
  109    39    20
  110    22    32
  111    41    14
  112    21    42
  113    29    18
  114     5    32
  115    29    44
  116    42     2
  117    40    16
  118    10    34
  119    33    22
  120     8    20
  121    39     7
  122    26    26
  123    27    11
  124    24     4
  125     9     2
  126    42     4
  127    40    47
  128    27    37
  129    29     8
  130    42    28
  131    42    25
  132    44    48
  133     1    12
  134    48    47
  135    27    46
  136     5     1
  137     4    34
  138     7    12
  139    36     9
  140    31    37
  141     7    24
  142    22    46
  143    15     2
  144    21    14
  145    21    12
  146    20    27
  147     2     1
  148    38    28
  149    18    46
  150    26    25
  151    24     8
  152     8    12
  153    37    47
  154    29    35
  155    42    39
  156    25    13
  157    13     5
  158    26    32
  159    15    49
  160    28     4
  161    18    26
  162     7     8
  163    17    19
  164    32    25
  165    18    14
  166    30    33
  167    16    20
  168     3    39
  169    49     1
  170    50    38
  171    36    32
  172    25    13
  173    33     8
  174     7    31
  175    12    38
  176    13    26
  177    26     9
  178    21    48
  179    31    17
  180    16     5
  181    38    24
  182    23    38
  183    10     1
  184    28    11
  185    50    12
  186    43    22
  187    38     5
  188    33    36
  189    41    27
  190    24    22
  191    18    47
  192    11     6
  193    43    23
  194    39    29
  195    49    48
  196    11    15
  197    46    23
  198    29    31
  199    34     6
  200     7    50
  201    33    38
  202     3    40
  203    43    20
  204    45     4
  205    37     4
  206    10    10
  207    36    39
  208    31    43
  209    43    40
  210    20    14
  211    46    47
  212    38     1
  213    22    28
  214    24    38
  215    31    33
  216    18    38
  217    30    21
  218    48     3
  219    31     2
  220    22    43
  221    37    25
  222     2     8
  223    23    20
  224    20    39
  225    20    29
  226    33    33
  227    11    44
  228     9    26
  229    32    28
  230    26    50
  231     3    32
  232     6     3
  233    45    28
  234    27     1
  235    13    48
  236    10    11
  237    26    10
  238     4    10
  239    39    28
  240    10     8
  241    34    46
  242    26    18
  243    45    10
  244    23     4
  245    21    15
  246    17    28
  247    23    39
  248    32    21
  249     2    43
  250    49    29
  251    13    40
  252    41    50
  253    43    22
  254     4    13
  255    38    26
  256    12    50
  257    49    45
  258    39    25
  259     6    42
  260    42     8
  261    44    10
  262    49    18
  263    15     2
  264     5    34
  265    24     8
  266    26    41
  267    13    13
  268    38    13
  269    48     4
  270    22    36
  271    27    39
  272    44    48
  273    21    47
  274    48    44
  275    25    10
  276    42    11
  277    19    16
  278    44     7
  279    34    38
  280    24     1
  281    45    32
  282    16    13
  283    42    26
  284     4    36
  285     6     5
  286    13     6
  287    49    14
  288    20    18
  289    36    12
  290    33     4
  291     6    19
  292    44    47
  293    17    49
  294    16    11
  295     7    36
  296    22    18
  297    40    11
  298    36    19
  299     2    11
  300    14    19
  301     9    47
  302    14     6
  303    41     7
  304    23     6
  305    19    48
  306     2    43
  307    44    14
  308    10    50
  309    42     3
  310    19    14
  311     7    13
  312    43     7
  313    21     1
  314     9    19
  315    33    47
  316    17    13
  317     8     8
  318    50    16
  319    39    27
  320    30    34
  321    23    41
  322    34    44
  323    48    45
  324    15    27
  325     6    42
  326    32    10
  327    33    13
  328    44    48
  329    18    45
  330    33     2
  331    32    39
  332    31    46
  333    23    38
  334    19    39
  335    46    11
  336    35    36
  337    48     8
  338     8     8
  339    47    21
  340    37    21
  341    12    50
  342    15    47
  343     2    49
  344    37     5
  345     6     5
  346    38    10
  347    44    43
  348    32    11
  349    47    46
  350    23     4
  351    10     9
  352    48    39
  353    39    39
  354    46    49
  355     3    49
  356    18    10
  357    30     6
  358    31    22
  359    39    46
  360    30    43
  361    21    15
  362    41    12
  363    38    48
  364    10    17
  365    32    27
  366    16    50
  367    30    34
  368     6     9
  369    26    46
  370    40    46
  371    41    29
  372     7    33
  373    21     1
  374    11    37
  375    13     5
  376     6    48
  377    12    24
  378    35    19
  379    33     7
  380    13    16
  381    18    28
  382    40    34
  383    34    13
  384    33    50
  385     7    38
  386    43    12
  387    40    34
  388    37    27
  389    25    13
  390    17     5
  391     9    26
  392    15     2
  393    50    14
  394     9    45
  395    11    25
  396    20    20
  397    27     1
  398    37     1
  399    45    15
  400    21    30
  401     7    47
  402    14     4
  403    41    15
  404     6    38
  405    44    33
  406    11    41
  407    21    31
  408    34    39
  409    33    33
  410    13     3
  411    39    30
  412    21    50
  413     1    44
  414    20    10
  415    18    18
  416    47    35
  417    10    16
  418    30     1
  419    33    45
  420    22    31
  421    24     2
  422    36    40
  423    15    22
  424    40    17
  425     2    13
  426     5    30
  427    31     7
  428     2    25
  429    38    21
  430     5    45
  431    22    38
  432    14    29
  433    45    35
  434    49     8
  435    41    42
  436    24     4
  437    41    31
  438    33    45
  439    28    25
  440    25    10
  441     8    39
  442    26     7
  443    10    31
  444    46    35
  445    24    40
  446     5    47
  447    22    30
  448    16    28
  449    26    32
  450    47    46
  451    31    46
  452    40    28
  453    25    34
  454    48    32
  455    22    21
  456     5    37
  457    15    44
  458    31     5
  459     4    44
  460    44     5
  461    19    44
  462    45    27
  463    45    20
  464    15    25
  465     9    27
  466    27    43
  467    31     9
  468     3     7
  469     3     7
  470    34    36
  471    21    11
  472    28    36
  473     3    41
  474    19    19
  475    50    19
  476    26     8
  477    23    50
  478    15     1
  479    46    22
  480    37    36
  481    36    44
  482    42    12
  483    27     8
  484    31    45
  485     7    18
  486    12     4
  487    43    31
  488    35    25
  489    28    12
  490    14    36
  491    50    20
  492    28    18
  493    41    36
  494    28    38
  495    32    32
  496     9    41
  497    13    22
  498    36    28
  499    33     7
  500    24    39
8222
