100
    1   256   155
    2   392   396
    3   386   346
    4   282   427
    5    67     8
    6    91   165
    7    19   481
    8   165    95
    9   112   393
   10   192   322
   11   241   495
   12     9   179
   13   141    96
   14   500   256
   15   341   228
   16   394    28
   17    24   145
   18   484   188
   19   232   461
   20   339   390
   21   139   277
   22   485    11
   23   142   156
   24    58    14
   25   335   456
   26   152   136
   27   290   478
   28   405   295
   29   136   305
   30   470    87
   31   435    33
   32   178     7
   33   454   207
   34   345   289
   35   457   300
   36   311   237
   37   415   212
   38   201   280
   39   160   156
   40   205   106
   41    78   151
   42   379   277
   43   371   190
   44    89   273
   45   320   239
   46   461    58
   47    66   109
   48   106    29
   49   178   119
   50   151   252
   51   473   206
   52   184   412
   53   341   493
   54   443   124
   55   106    20
   56   480    75
   57   468   489
   58   346   242
   59    94   144
   60    57   458
   61   274   492
   62   320   278
   63   123   399
   64   187   486
   65   472    51
   66   455   472
   67   467   164
   68   223   350
   69   314   360
   70   151   333
   71   439   345
   72   313   409
   73   315    98
   74   363    11
   75   212   403
   76   288   412
   77   128    26
   78   259    91
   79   454    32
   80   337   282
   81   329   253
   82   460   245
   83   219   430
   84   392   441
   85    35    33
   86   218   185
   87   440   319
   88   409   316
   89   222   230
   90   136   111
   91   400   332
   92   455    48
   93    67   348
   94   182   471
   95   366   120
   96   360   233
   97    59   405
   98    34   452
   99   390   344
  100   406   144
20508
