500
    1   106   100
    2    77    76
    3    19    26
    4    85    79
    5    66    64
    6    23    18
    7     1     1
    8    84    80
    9    90    93
   10    66    66
   11    77    72
   12    51    47
   13    53    60
   14    37    32
   15    26    33
   16    76    69
   17    84    93
   18    22    12
   19     1     1
   20    84    74
   21    54    57
   22    11    20
   23    98    96
   24    74    75
   25     1     1
   26    94    92
   27    51    58
   28    94    88
   29    32    38
   30    74    75
   31    44    50
   32    60    56
   33    21    16
   34    24    25
   35     8     4
   36    38    41
   37    75    72
   38    87    81
   39    38    44
   40    49    39
   41    17    27
   42    48    38
   43    12     6
   44    80    90
   45     2     3
   46    59    59
   47     8     2
   48    94    90
   49    10    19
   50    22    12
   51     7     3
   52    30    24
   53    74    81
   54    36    44
   55     4    13
   56    58    60
   57    28    33
   58    10    19
   59    87    88
   60    84    86
   61    30    29
   62    74    83
   63    62    56
   64    80    71
   65    88    92
   66    52    56
   67    85    89
   68    23    15
   69    13     4
   70     1     2
   71     9    18
   72    10    14
   73    40    50
   74     1     3
   75    30    36
   76    79    85
   77    92    87
   78    37    31
   79   106    97
   80    59    63
   81    76    66
   82    20    14
   83    38    39
   84     1     6
   85    29    22
   86    13     6
   87    11    12
   88    60    60
   89     1     2
   90    58    51
   91    39    37
   92    56    57
   93    12    17
   94    36    40
   95    78    80
   96     2     9
   97    82    89
   98    86    77
   99   107   100
  100    28    24
  101    88    81
  102    40    44
  103    91    94
  104   104    96
  105    18     9
  106    31    38
  107    70    63
  108    51    55
  109    50    43
  110    60    53
  111    33    35
  112    67    67
  113    46    49
  114    84    81
  115    87    97
  116    42    39
  117    21    15
  118    43    45
  119    41    49
  120    94    97
  121    79    88
  122    56    49
  123    90    92
  124     2     7
  125    61    61
  126    83    91
  127    56    60
  128    21    24
  129    27    19
  130    19    15
  131    39    34
  132    46    49
  133    18    11
  134    46    56
  135    62    65
  136     9    18
  137    91    97
  138     1     7
  139    31    34
  140     7     4
  141    79    79
  142    89    81
  143    82    75
  144    57    47
  145    90    85
  146    85    90
  147    39    34
  148    10    19
  149    61    61
  150    22    30
  151    41    45
  152    48    49
  153    87    86
  154    12    12
  155    71    62
  156    28    36
  157    78    74
  158     5     3
  159    12     6
  160    86    81
  161    81    77
  162   101    91
  163    72    78
  164    41    46
  165    97    89
  166    86    78
  167    30    27
  168    16     8
  169    46    50
  170    30    29
  171    19    15
  172    36    46
  173     5     9
  174    43    42
  175    71    63
  176    48    55
  177    18    22
  178    84    93
  179     1     2
  180    44    40
  181    57    67
  182     6     9
  183    35    28
  184    23    24
  185    94    89
  186    33    41
  187    51    42
  188   106    97
  189    83    80
  190    14     9
  191   102    98
  192    96    95
  193    48    52
  194    20    28
  195    21    21
  196    50    58
  197    27    36
  198    42    34
  199    66    59
  200    50    45
  201    75    79
  202    38    33
  203    45    51
  204   109    99
  205    65    75
  206   106    97
  207    26    16
  208    22    26
  209    77    71
  210     6     9
  211    97    88
  212    32    28
  213    34    43
  214   107    97
  215    77    86
  216    25    23
  217    42    52
  218    39    32
  219    51    57
  220    25    34
  221    53    58
  222    72    73
  223   107    97
  224    19    12
  225    63    68
  226    67    72
  227    40    31
  228    46    37
  229    42    43
  230    57    59
  231    64    61
  232    33    42
  233    42    45
  234    59    62
  235    19    21
  236    50    52
  237     6     1
  238    64    57
  239    25    29
  240    39    37
  241    10    17
  242    95    99
  243    29    33
  244    59    67
  245    37    30
  246    58    63
  247    18    14
  248    67    58
  249    50    44
  250    48    48
  251    42    51
  252    77    83
  253    45    41
  254    75    66
  255    73    75
  256    81    81
  257   102    92
  258     1     4
  259    83    91
  260    13    21
  261    44    47
  262    81    85
  263    88    79
  264    19    27
  265    88    95
  266    14    10
  267     4     6
  268    98    96
  269    50    53
  270    70    79
  271    90    88
  272    48    43
  273    60    52
  274    45    35
  275    44    37
  276    74    78
  277    87    87
  278    54    62
  279    61    61
  280    12    20
  281    63    69
  282    56    46
  283    21    19
  284    58    51
  285    76    84
  286    58    53
  287    55    51
  288    19    21
  289    42    37
  290    65    55
  291    80    74
  292    94    88
  293    28    32
  294     4    14
  295   105    95
  296    83    83
  297    92    98
  298    13    10
  299    13     6
  300    35    44
  301    71    64
  302    71    63
  303    61    62
  304    49    49
  305    99    95
  306    95    96
  307     5    11
  308    80    89
  309    46    48
  310    70    75
  311    98    98
  312    63    58
  313    12     2
  314     1    10
  315   103    94
  316    94    94
  317    46    45
  318    48    41
  319     1     6
  320    70    77
  321    85    86
  322    90    95
  323    40    44
  324    23    14
  325     4    13
  326    27    35
  327    58    58
  328    61    63
  329    35    42
  330    50    57
  331    75    72
  332    56    47
  333    43    33
  334    87    84
  335    68    74
  336    94    91
  337    34    35
  338    39    35
  339    76    68
  340    60    64
  341    87    97
  342    31    22
  343    29    30
  344     6    16
  345    30    24
  346    40    31
  347    13    12
  348    48    38
  349    99    93
  350    93    99
  351   100    96
  352    50    40
  353    61    68
  354    36    40
  355    13    20
  356    21    13
  357    28    27
  358    36    43
  359    91    83
  360    95    94
  361    23    22
  362    10     5
  363    71    69
  364    20    14
  365    33    30
  366    69    79
  367    28    37
  368    11    12
  369    80    87
  370    21    11
  371    24    32
  372    73    66
  373    57    60
  374    38    42
  375    72    80
  376     1     1
  377    72    67
  378    36    30
  379    89    92
  380    81    89
  381    54    47
  382    41    43
  383    10    20
  384    53    55
  385    33    31
  386    28    35
  387    12    11
  388    28    18
  389    10     6
  390    36    32
  391    28    19
  392    62    65
  393    65    75
  394    19    10
  395    19    12
  396    68    61
  397    34    32
  398    59    60
  399    60    70
  400     1     5
  401    72    80
  402    89    97
  403    49    50
  404    80    71
  405    60    54
  406    42    40
  407    75    82
  408    82    78
  409    39    42
  410    59    54
  411    96    91
  412    27    31
  413    83    85
  414    35    29
  415    46    47
  416    92    86
  417    74    67
  418    15    20
  419    14    24
  420    70    60
  421    87    81
  422     7     7
  423     9     9
  424    47    44
  425    94    96
  426    76    77
  427    84    74
  428    16    16
  429   100    94
  430    23    14
  431    85    95
  432    40    30
  433    83    78
  434    85    89
  435    63    63
  436     1     1
  437    15     6
  438   110   100
  439    87    90
  440    76    75
  441    54    62
  442    67    76
  443    24    16
  444    56    62
  445    55    51
  446     2     4
  447    21    17
  448    37    45
  449    81    79
  450   105    99
  451    17    17
  452    57    65
  453    30    37
  454    37    47
  455     8     2
  456    11    14
  457    42    39
  458     4     2
  459    24    23
  460    56    46
  461    45    45
  462    28    30
  463    66    61
  464    26    30
  465    84    80
  466    33    38
  467    81    90
  468    48    58
  469    55    50
  470    89    89
  471    42    44
  472    63    67
  473    56    58
  474    46    56
  475    13    20
  476    22    19
  477    35    39
  478    60    64
  479     5     1
  480    37    27
  481    61    63
  482    38    47
  483    70    71
  484     1     2
  485    55    65
  486     7     5
  487    46    38
  488    70    68
  489    24    29
  490    97    97
  491    76    71
  492    30    27
  493    70    61
  494    33    35
  495    68    63
  496    18    14
  497    84    87
  498    85    89
  499    91   100
  500     9    14
8372
