500
    1    18    50
    2     1    26
    3    18    26
    4    44    29
    5    46    14
    6    15    18
    7    16     1
    8     2    30
    9    47    43
   10     3    16
   11    21    22
   12    49    47
   13     9    10
   14    20    32
   15    31    33
   16    44    19
   17    32    43
   18    24    12
   19    23     1
   20     8    24
   21    50     7
   22    11    20
   23    42    46
   24    38    25
   25     1     1
   26    43    42
   27    12     8
   28     8    38
   29    48    38
   30    37    25
   31    33    50
   32    38     6
   33     2    16
   34    19    25
   35    38     4
   36    21    41
   37    21    22
   38    35    31
   39    11    44
   40    12    39
   41    14    27
   42    44    38
   43    36     6
   44    47    40
   45    37     3
   46    23     9
   47    25     2
   48    19    40
   49    25    19
   50    14    12
   51    47     3
   52     7    24
   53    45    31
   54    21    44
   55    50    13
   56    18    10
   57    15    33
   58    42    19
   59     6    38
   60    19    36
   61    46    29
   62    40    33
   63     4     6
   64    14    21
   65     9    42
   66     1     6
   67    31    39
   68    42    15
   69    11     4
   70    16     2
   71     5    18
   72     1    14
   73    39    50
   74    28     3
   75    13    36
   76    32    35
   77    36    37
   78    41    31
   79    30    47
   80    22    13
   81    27    16
   82     4    14
   83    10    39
   84    42     6
   85    21    22
   86    15     6
   87    12    12
   88    43    10
   89    40     2
   90    29     1
   91    24    37
   92     8     7
   93     4    17
   94    31    40
   95    20    30
   96    11     9
   97    37    39
   98    28    27
   99    27    50
  100    17    24
  101    39    31
  102    50    44
  103    33    44
  104    12    46
  105    19     9
  106     1    38
  107    28    13
  108    35     5
  109    10    43
  110    41     3
  111    12    35
  112    26    17
  113    40    49
  114    34    31
  115    40    47
  116    19    39
  117    37    15
  118    11    45
  119    26    49
  120    15    47
  121    34    38
  122    19    49
  123    44    42
  124     5     7
  125    14    11
  126    27    41
  127    41    10
  128    30    24
  129    24    19
  130    11    15
  131    25    34
  132    15    49
  133     8    11
  134    15     6
  135    48    15
  136    14    18
  137    49    47
  138     6     7
  139     3    34
  140    20     4
  141     4    29
  142    19    31
  143    30    25
  144    38    47
  145     8    35
  146    45    40
  147     3    34
  148     7    19
  149    27    11
  150     7    30
  151    17    45
  152    39    49
  153     8    36
  154    12    12
  155     1    12
  156    20    36
  157    44    24
  158    27     3
  159    40     6
  160    15    31
  161    47    27
  162    22    41
  163    42    28
  164    45    46
  165    11    39
  166    43    28
  167    19    27
  168    34     8
  169     4    50
  170     3    29
  171    17    15
  172    38    46
  173    36     9
  174     2    42
  175    27    13
  176     2     5
  177    19    22
  178    24    43
  179    42     2
  180    31    40
  181    27    17
  182    50     9
  183    11    28
  184    31    24
  185    25    39
  186    36    41
  187     3    42
  188     8    47
  189    20    30
  190    39     9
  191    13    48
  192    36    45
  193    36     2
  194    50    28
  195    40    21
  196    26     8
  197    31    36
  198    14    34
  199    29     9
  200    12    45
  201     8    29
  202    34    33
  203    42     1
  204    44    49
  205    46    25
  206    29    47
  207    31    16
  208    20    26
  209     2    21
  210    19     9
  211    39    38
  212    23    28
  213    47    43
  214     7    47
  215    22    36
  216     3    23
  217    37     2
  218     3    32
  219    14     7
  220    33    34
  221    28     8
  222    25    23
  223    14    47
  224    11    12
  225    37    18
  226    14    22
  227    18    31
  228    40    37
  229     1    43
  230    43     9
  231    22    11
  232     9    42
  233    40    45
  234    16    12
  235    32    21
  236     9     2
  237    41     1
  238     3     7
  239    14    29
  240    37    37
  241    17    17
  242    35    49
  243    46    33
  244    44    17
  245    16    30
  246    32    13
  247    14    14
  248    37     8
  249    21    44
  250    16    48
  251    48     1
  252    36    33
  253    28    41
  254    23    16
  255    21    25
  256    49    31
  257    50    42
  258     4     4
  259    45    41
  260    23    21
  261    27    47
  262    40    35
  263    10    29
  264    34    27
  265    41    45
  266    21    10
  267    18     6
  268    39    46
  269    47     3
  270    35    29
  271    24    38
  272     7    43
  273     6     2
  274    17    35
  275    36    37
  276    25    28
  277    22    37
  278     1    12
  279    29    11
  280    35    20
  281     6    19
  282    13    46
  283     7    19
  284    41     1
  285     9    34
  286    36     3
  287    24     1
  288    19    21
  289     3    37
  290    20     5
  291     5    24
  292    17    38
  293    44    32
  294    31    14
  295     6    45
  296    19    33
  297    29    48
  298    13    10
  299    19     6
  300    19    44
  301    22    14
  302    49    13
  303    16    12
  304    36    49
  305    34    45
  306    35    46
  307    21    11
  308    45    39
  309    13    48
  310    48    25
  311    14    48
  312    50     8
  313     8     2
  314    22    10
  315    46    44
  316    24    44
  317    35    45
  318    23    41
  319    40     6
  320     3    27
  321     8    36
  322    11    45
  323     7    44
  324    20    14
  325    27    13
  326    37    35
  327    44     8
  328     5    13
  329    37    42
  330    44     7
  331    45    22
  332    40    47
  333     6    33
  334    20    34
  335    49    24
  336    30    41
  337    15    35
  338    43    35
  339    16    18
  340     2    14
  341    41    47
  342    28    22
  343    43    30
  344    14    16
  345    15    24
  346    33    31
  347     9    12
  348     3    38
  349    20    43
  350    24    49
  351    33    46
  352    35    40
  353     8    18
  354    25    40
  355    40    20
  356    23    13
  357     3    27
  358    26    43
  359    42    33
  360    41    44
  361    42    22
  362    40     5
  363    17    19
  364    29    14
  365    31    30
  366    13    29
  367     5    37
  368    15    12
  369    25    37
  370    11    11
  371    14    32
  372    42    16
  373     8    10
  374    30    42
  375    34    30
  376     5     1
  377    11    17
  378    18    30
  379    42    42
  380     6    39
  381    11    47
  382    17    43
  383    29    20
  384    30     5
  385    44    31
  386    50    35
  387    11    11
  388    46    18
  389    44     6
  390    20    32
  391    24    19
  392    28    15
  393     7    25
  394    28    10
  395     4    12
  396    13    11
  397    14    32
  398     4    10
  399    46    20
  400    34     5
  401    20    30
  402    33    47
  403    24    50
  404    41    21
  405    29     4
  406    16    40
  407     8    32
  408    41    28
  409    32    42
  410    20     4
  411    22    41
  412    16    31
  413     4    35
  414     5    29
  415    31    47
  416    34    36
  417     9    17
  418    29    20
  419     8    24
  420     9    10
  421     7    31
  422    35     7
  423    32     9
  424    43    44
  425    27    46
  426     6    27
  427    10    24
  428    41    16
  429     9    44
  430    34    14
  431    39    45
  432    33    30
  433    36    28
  434    46    39
  435    42    13
  436    33     1
  437    10     6
  438    28    50
  439     7    40
  440     8    25
  441     1    12
  442    19    26
  443    37    16
  444     1    12
  445    33     1
  446    44     4
  447     1    17
  448    23    45
  449    29    29
  450    44    49
  451    46    17
  452    13    15
  453    46    37
  454    17    47
  455    37     2
  456    36    14
  457    28    39
  458    48     2
  459    17    23
  460     5    46
  461    48    45
  462    46    30
  463     6    11
  464    20    30
  465    22    30
  466    14    38
  467    18    40
  468    10     8
  469    32    50
  470    37    39
  471    12    44
  472    15    17
  473    36     8
  474    40     6
  475    25    20
  476    17    19
  477    10    39
  478    22    14
  479    31     1
  480    36    27
  481    45    13
  482    13    47
  483    28    21
  484    28     2
  485    32    15
  486    23     5
  487     4    38
  488    46    18
  489    37    29
  490    35    47
  491     7    21
  492     1    27
  493    48    11
  494    45    35
  495    21    13
  496    12    14
  497     8    37
  498    31    39
  499    46    50
  500    17    14
4322
