100
    1    95    18
    2    67    19
    3    77     5
    4    21    26
    5    22    15
    6    74    64
    7    22    28
    8    92    18
    9     7    60
   10    63    21
   11    64    10
   12    64    58
   13    20     3
   14    11    71
   15     4    67
   16    97    91
   17    27    72
   18    11     7
   19    59    24
   20    54    49
   21    46    64
   22    72    78
   23    37    47
   24    81    57
   25    46    19
   26     7     7
   27    33     1
   28    76    26
   29    11    60
   30    53    46
   31    98    80
   32    21    42
   33    89    46
   34    56     8
   35    44     3
   36    82    76
   37    50    55
   38    96    47
   39    55    79
   40    76    97
   41    69     2
   42    50    20
   43    14    65
   44    92    12
   45    95    82
   46    36    53
   47     5    40
   48    45    72
   49    45    50
   50    90    23
   51    56    37
   52    99    23
   53     8    16
   54    98    99
   55    69    87
   56    75    98
   57    27    80
   58    77    65
   59    33    71
   60    32    13
   61    25    55
   62    31    81
   63    82    34
   64    74     9
   65    27    42
   66    50    95
   67    46    11
   68     2    29
   69    73    87
   70    58    40
   71    86    60
   72    44    40
   73    70     5
   74    78     6
   75    79    58
   76    15    27
   77    67    33
   78    14    18
   79    77    75
   80    24    33
   81    64    92
   82    59    24
   83    10    33
   84    59    12
   85    62    56
   86    85    96
   87    91    50
   88    32    15
   89    29     9
   90    95    38
   91    55    71
   92    26    15
   93    58    99
   94    45    14
   95    97    63
   96    63    48
   97    14    28
   98    97    99
   99    81    43
  100    49    67
2241
