100
    1   204   218
    2   372   419
    3    49     5
    4   419   426
    5     1    15
    6   471   464
    7    57    28
    8   287   318
    9   237   260
   10   219   221
   11   404   410
   12   448   458
   13   214   203
   14    95    71
   15   237   267
   16    46    91
   17   286   272
   18   314   307
   19   218   224
   20     5    49
   21   146   164
   22   126    78
   23   412   447
   24   262   257
   25   284   319
   26   174   207
   27   380   401
   28   256   226
   29    95    60
   30   415   446
   31   374   380
   32   294   342
   33   293   246
   34   431   408
   35   302   303
   36   410   376
   37   140   155
   38   427   447
   39   158   179
   40   288   297
   41     1     2
   42   432   420
   43   187   165
   44   315   312
   45   169   182
   46   485   453
   47    48    40
   48   482   472
   49    92    50
   50   341   323
   51   386   337
   52    55    23
   53   290   316
   54   487   499
   55   324   287
   56    49    98
   57   516   480
   58   465   465
   59    41    71
   60   169   213
   61   495   455
   62    64    81
   63   397   434
   64   389   409
   65   488   442
   66    93    95
   67   230   211
   68   363   329
   69   254   287
   70   210   240
   71   426   460
   72   478   440
   73    87   105
   74   271   306
   75   150   158
   76   361   327
   77   407   433
   78   178   218
   79   522   475
   80   135   133
   81   300   292
   82   114   124
   83   464   433
   84   294   312
   85   400   356
   86   490   496
   87    61    50
   88   194   215
   89     1     9
   90   101   138
   91   243   271
   92     1    15
   93   212   199
   94    33    14
   95   389   363
   96   445   448
   97   338   328
   98   307   299
   99   434   443
  100   317   267
13391
