100
    1    18    50
    2     1    26
    3    18    26
    4    44    29
    5    46    14
    6    15    18
    7    16     1
    8     2    30
    9    47    43
   10     3    16
   11    21    22
   12    49    47
   13     9    10
   14    20    32
   15    31    33
   16    44    19
   17    32    43
   18    24    12
   19    23     1
   20     8    24
   21    50     7
   22    11    20
   23    42    46
   24    38    25
   25     1     1
   26    43    42
   27    12     8
   28     8    38
   29    48    38
   30    37    25
   31    33    50
   32    38     6
   33     2    16
   34    19    25
   35    38     4
   36    21    41
   37    21    22
   38    35    31
   39    11    44
   40    12    39
   41    14    27
   42    44    38
   43    36     6
   44    47    40
   45    37     3
   46    23     9
   47    25     2
   48    19    40
   49    25    19
   50    14    12
   51    47     3
   52     7    24
   53    45    31
   54    21    44
   55    50    13
   56    18    10
   57    15    33
   58    42    19
   59     6    38
   60    19    36
   61    46    29
   62    40    33
   63     4     6
   64    14    21
   65     9    42
   66     1     6
   67    31    39
   68    42    15
   69    11     4
   70    16     2
   71     5    18
   72     1    14
   73    39    50
   74    28     3
   75    13    36
   76    32    35
   77    36    37
   78    41    31
   79    30    47
   80    22    13
   81    27    16
   82     4    14
   83    10    39
   84    42     6
   85    21    22
   86    15     6
   87    12    12
   88    43    10
   89    40     2
   90    29     1
   91    24    37
   92     8     7
   93     4    17
   94    31    40
   95    20    30
   96    11     9
   97    37    39
   98    28    27
   99    27    50
  100    17    24
786
