500
    1   256   155
    2   392   396
    3   386   346
    4   282   427
    5    67     8
    6    91   165
    7    19   481
    8   165    95
    9   112   393
   10   192   322
   11   241   495
   12     9   179
   13   141    96
   14   500   256
   15   341   228
   16   394    28
   17    24   145
   18   484   188
   19   232   461
   20   339   390
   21   139   277
   22   485    11
   23   142   156
   24    58    14
   25   335   456
   26   152   136
   27   290   478
   28   405   295
   29   136   305
   30   470    87
   31   435    33
   32   178     7
   33   454   207
   34   345   289
   35   457   300
   36   311   237
   37   415   212
   38   201   280
   39   160   156
   40   205   106
   41    78   151
   42   379   277
   43   371   190
   44    89   273
   45   320   239
   46   461    58
   47    66   109
   48   106    29
   49   178   119
   50   151   252
   51   473   206
   52   184   412
   53   341   493
   54   443   124
   55   106    20
   56   480    75
   57   468   489
   58   346   242
   59    94   144
   60    57   458
   61   274   492
   62   320   278
   63   123   399
   64   187   486
   65   472    51
   66   455   472
   67   467   164
   68   223   350
   69   314   360
   70   151   333
   71   439   345
   72   313   409
   73   315    98
   74   363    11
   75   212   403
   76   288   412
   77   128    26
   78   259    91
   79   454    32
   80   337   282
   81   329   253
   82   460   245
   83   219   430
   84   392   441
   85    35    33
   86   218   185
   87   440   319
   88   409   316
   89   222   230
   90   136   111
   91   400   332
   92   455    48
   93    67   348
   94   182   471
   95   366   120
   96   360   233
   97    59   405
   98    34   452
   99   390   344
  100   406   144
  101   490   497
  102   391    36
  103   240   438
  104   243    16
  105   113   349
  106   157   302
  107   224   187
  108    46   354
  109   400   150
  110   162   301
  111   247   174
  112   148   159
  113   431   445
  114   365    37
  115   116    89
  116    79    62
  117   217   371
  118   239   429
  119   112   109
  120   409   352
  121   295    99
  122   404   256
  123   448   495
  124   101   406
  125   177   273
  126   466   214
  127   122   423
  128   376    43
  129   485   306
  130   486    35
  131   400   145
  132   101   481
  133   198   358
  134   360   368
  135   391   436
  136   329   118
  137   402   149
  138   103   414
  139    53   117
  140   411   204
  141    84   251
  142   494   224
  143   107   387
  144   441   427
  145   374     1
  146   440    46
  147   431    10
  148   429   183
  149   334   196
  150    60   398
  151   394   173
  152   292   264
  153   401    81
  154   241   372
  155    58   281
  156    82   348
  157   247    50
  158   443   447
  159   473   445
  160   239   341
  161   220   209
  162   303   166
  163   384   290
  164   355   485
  165   450   173
  166   299   386
  167    65   270
  168   438   387
  169    72   497
  170   299   293
  171   424   194
  172   352   225
  173   436   324
  174   164   133
  175   201   254
  176   494   494
  177   205   174
  178   420   201
  179    76   154
  180    58    91
  181    69   499
  182    59   448
  183    31    96
  184   119    80
  185   363   344
  186   375   317
  187    31    58
  188    46   385
  189    97   375
  190    21    25
  191   274   422
  192   377   286
  193   271    84
  194   434   188
  195    58   245
  196   103   297
  197    82   183
  198   466   433
  199   428    50
  200    26   257
  201   342    46
  202   187   368
  203   190   254
  204    96   198
  205   116    10
  206   146    16
  207   489   480
  208   157   205
  209   368   275
  210   121   421
  211   279   152
  212    75   187
  213   427   378
  214   487   304
  215    85   485
  216   296    67
  217   277   264
  218   467   467
  219   385   329
  220   121   398
  221    95   133
  222   336   500
  223   477   457
  224   366   331
  225   278   167
  226   421   267
  227   450   451
  228   243   117
  229   418   171
  230   142    74
  231   390   385
  232     9    38
  233   444   240
  234   257   246
  235   149   241
  236   318   311
  237   268   269
  238   454   441
  239   451    52
  240   200    72
  241    47   353
  242   147   107
  243   116   453
  244   430   419
  245   173   362
  246   464   206
  247   174   305
  248   209    77
  249    39   268
  250   319    20
  251   146   126
  252   243    54
  253   122   316
  254   148   457
  255   354   331
  256   215   288
  257   369   480
  258   186   232
  259    40    43
  260   126    76
  261   107   171
  262   108   481
  263   217   238
  264   415    62
  265   186   115
  266   320   381
  267   435   246
  268   204   367
  269   349   100
  270   287   419
  271     7    43
  272    66   447
  273    54   415
  274   238     2
  275   319   401
  276     1   182
  277   264    34
  278   398    34
  279   437   272
  280   464   484
  281    85   484
  282   197   330
  283   189   455
  284   157    82
  285   104   312
  286   494   140
  287    70   467
  288   470   312
  289    57   428
  290   344   482
  291   452   150
  292   433   251
  293   103   312
  294   355    13
  295   111   498
  296    44    10
  297   416   414
  298   272   370
  299   415     9
  300   429   231
  301   281   164
  302   393   202
  303   258   433
  304   295   493
  305   161    71
  306   107   395
  307   472   283
  308   250    81
  309   202   363
  310   137   155
  311   154   337
  312   431    82
  313   332   122
  314   419   173
  315   398    69
  316   309   198
  317   295   356
  318   488   133
  319   159   138
  320    65   212
  321   152   302
  322   371   114
  323   319   495
  324   234   234
  325   420   257
  326   458   119
  327   227   269
  328   489   386
  329   455   121
  330   481    24
  331     5   443
  332    97   375
  333   282   340
  334   452   492
  335   298   425
  336   495   351
  337    61   494
  338   140   494
  339   380   240
  340   279   499
  341   273   277
  342    30   114
  343   349    41
  344    73     4
  345   326   296
  346   387   374
  347   237   283
  348    89   293
  349    94   273
  350   456   203
  351   195   420
  352   359   260
  353    75   108
  354   103   104
  355   360   460
  356   490     4
  357   169   271
  358   187   291
  359   141   106
  360   332   318
  361   281   365
  362   296    40
  363   445   212
  364   204    90
  365    87   325
  366   488   411
  367   493   432
  368   231    16
  369    76    55
  370   451   438
  371   134   331
  372   339   445
  373   124   475
  374   351   310
  375   382    64
  376   402   497
  377   313   298
  378   344   317
  379   458    43
  380   388     4
  381     1   218
  382   385   251
  383   140   352
  384   360    27
  385   167    63
  386   148   151
  387   150   375
  388   358   186
  389   162   245
  390    57   200
  391   402   450
  392   279   217
  393   288    58
  394   107   142
  395   243   432
  396   195    29
  397    84   431
  398   153   463
  399   270    38
  400   297   389
  401   180    48
  402   450   137
  403   349   189
  404   230    51
  405   331   198
  406   434    88
  407   277   205
  408    27    78
  409   491   158
  410   206   278
  411   197    70
  412   173   343
  413   196   244
  414   103   104
  415   444   179
  416     4   118
  417   403   290
  418   126   500
  419    91   456
  420   128   199
  421   183   217
  422   236   410
  423   340   433
  424   297   303
  425   315   280
  426   184   349
  427   388   374
  428   228   483
  429   149   314
  430    16   385
  431   396   134
  432   447   161
  433   400   421
  434   475    88
  435   123   314
  436    52   176
  437   178   201
  438   385    67
  439   442   113
  440    30   306
  441   378   273
  442     1   356
  443   243    63
  444   118   117
  445   391    27
  446   382   439
  447   386   336
  448    59   144
  449   475   258
  450    74   490
  451   182   156
  452   274   485
  453   436    36
  454   289   271
  455   360    10
  456   190   370
  457   442   442
  458     1   474
  459    14    47
  460   293   109
  461    38   465
  462   320   425
  463   189   325
  464   488   102
  465    32   280
  466   433   441
  467   283    94
  468   450   185
  469   317   186
  470    74    89
  471   226   424
  472   388   178
  473   157   150
  474   333   375
  475   466   347
  476   331   103
  477   326    30
  478   362   316
  479   274    28
  480    45   390
  481    11   443
  482    98   298
  483    51   431
  484   411   337
  485    61   141
  486   410    25
  487   487   382
  488    34   408
  489    53    21
  490   428   384
  491   443   198
  492    12   239
  493   483   344
  494   344   119
  495   317   366
  496   303   122
  497   416     7
  498   288    76
  499    97   336
  500   106   102
104570
