500
    1   510   500
    2   428   418
    3   286   276
    4   161   151
    5    36    26
    6   178   168
    7    89    79
    8   254   244
    9   374   364
   10   156   146
   11    28    18
   12   175   165
   13   311   301
   14   476   466
   15   190   180
   16   462   452
   17   203   193
   18   357   347
   19   276   266
   20   313   303
   21   282   272
   22   281   271
   23   357   347
   24   309   299
   25   170   160
   26   269   259
   27   142   132
   28   380   370
   29   143   133
   30   441   431
   31   479   469
   32   454   444
   33   403   393
   34   192   182
   35   222   212
   36   184   174
   37   211   201
   38   233   223
   39   484   474
   40    68    58
   41   367   357
   42   360   350
   43   430   420
   44    21    11
   45   506   496
   46   102    92
   47   485   475
   48   298   288
   49    11     1
   50    11     1
   51   502   492
   52    53    43
   53   468   458
   54   322   312
   55   298   288
   56    18     8
   57   448   438
   58   108    98
   59   385   375
   60   447   437
   61   160   150
   62    43    33
   63   366   356
   64    98    88
   65    26    16
   66   362   352
   67    35    25
   68    29    19
   69   314   304
   70   398   388
   71    51    41
   72   131   121
   73   482   472
   74   231   221
   75   291   281
   76   345   335
   77   354   344
   78   221   211
   79   249   239
   80   322   312
   81   437   427
   82    74    64
   83   348   338
   84   404   394
   85   316   306
   86   496   486
   87   400   390
   88    57    47
   89   413   403
   90   297   287
   91   469   459
   92   233   223
   93   112   102
   94   135   125
   95   300   290
   96    79    69
   97   429   419
   98   335   325
   99    22    12
  100   424   414
  101   413   403
  102   157   147
  103   434   424
  104   417   407
  105   391   381
  106   305   295
  107   254   244
  108   231   221
  109   123   113
  110   110   100
  111   370   360
  112   328   318
  113    43    33
  114   125   115
  115    29    19
  116   202   192
  117   198   188
  118    66    56
  119   196   186
  120   329   319
  121   139   129
  122   206   196
  123   493   483
  124   300   290
  125   366   356
  126    64    54
  127   381   371
  128    24    14
  129   302   292
  130   169   159
  131   166   156
  132   211   201
  133   399   389
  134   491   481
  135   425   415
  136   152   142
  137   414   404
  138   371   361
  139    12     2
  140   176   166
  141    28    18
  142   415   405
  143    24    14
  144    61    51
  145    60    50
  146   199   189
  147   213   203
  148    88    78
  149    46    36
  150    73    63
  151   295   285
  152   192   182
  153   397   387
  154    96    86
  155    41    31
  156   251   241
  157   207   197
  158   190   180
  159   473   463
  160   382   372
  161   476   466
  162   237   227
  163   324   314
  164   464   454
  165   349   339
  166   120   110
  167   316   306
  168   152   142
  169   432   422
  170   231   221
  171   316   306
  172    75    65
  173    22    12
  174   272   262
  175   270   260
  176   453   443
  177   312   302
  178   450   440
  179   161   151
  180    89    79
  181   347   337
  182   484   474
  183    67    57
  184   368   358
  185   327   317
  186   164   154
  187   450   440
  188    91    81
  189    90    80
  190   330   320
  191   219   209
  192    21    11
  193   299   289
  194    47    37
  195   387   377
  196   338   328
  197   310   300
  198   387   377
  199   434   424
  200   327   317
  201   291   281
  202   199   189
  203    54    44
  204   460   450
  205   304   294
  206   193   183
  207   406   396
  208   272   262
  209   119   109
  210    29    19
  211    48    38
  212   361   351
  213   173   163
  214    88    78
  215    65    55
  216   495   485
  217   453   443
  218   220   210
  219   263   253
  220   351   341
  221   445   435
  222   172   162
  223   177   167
  224   436   426
  225   359   349
  226   500   490
  227   391   381
  228   194   184
  229   407   397
  230   300   290
  231    49    39
  232   479   469
  233   425   415
  234   197   187
  235   455   445
  236   371   361
  237   459   449
  238    36    26
  239   207   197
  240   425   415
  241   398   388
  242   244   234
  243   159   149
  244   229   219
  245   102    92
  246   404   394
  247    17     7
  248    65    55
  249   471   461
  250   174   164
  251   501   491
  252   487   477
  253   370   360
  254   151   141
  255   434   424
  256   340   330
  257   229   219
  258   434   424
  259    25    15
  260   271   261
  261   444   434
  262   385   375
  263   459   449
  264    25    15
  265   121   111
  266   318   308
  267   166   156
  268   325   315
  269    75    65
  270   208   198
  271   428   418
  272   474   464
  273   507   497
  274    59    49
  275   317   307
  276   116   106
  277   144   134
  278   313   303
  279   114   104
  280    80    70
  281   189   179
  282   264   254
  283   491   481
  284   479   469
  285    85    75
  286   240   230
  287   157   147
  288   198   188
  289   495   485
  290   118   108
  291   100    90
  292   505   495
  293   144   134
  294   463   453
  295   229   219
  296    17     7
  297   371   361
  298   187   177
  299   440   430
  300   217   207
  301   355   345
  302   327   317
  303   459   449
  304   349   339
  305   196   186
  306   418   408
  307   222   212
  308    22    12
  309    72    62
  310   411   401
  311   146   136
  312    30    20
  313    84    74
  314   504   494
  315   213   203
  316   287   277
  317   116   106
  318   350   340
  319   191   181
  320   475   465
  321   187   177
  322   157   147
  323   301   291
  324   332   322
  325   288   278
  326   152   142
  327   356   346
  328   355   345
  329   399   389
  330    71    61
  331   388   378
  332   503   493
  333   337   327
  334   329   319
  335   218   208
  336   194   184
  337   260   250
  338   164   154
  339   339   329
  340   263   253
  341    25    15
  342   377   367
  343   256   246
  344   248   238
  345   119   109
  346    96    86
  347   452   442
  348   412   402
  349   473   463
  350    37    27
  351   265   255
  352   162   152
  353   232   222
  354   329   319
  355   303   293
  356   484   474
  357   112   102
  358   252   242
  359    50    40
  360    91    81
  361   477   467
  362   137   127
  363   419   409
  364    60    50
  365   238   228
  366   371   361
  367   234   224
  368    91    81
  369   299   289
  370   435   425
  371   351   341
  372   196   186
  373    52    42
  374   263   253
  375   207   197
  376   118   108
  377   290   280
  378   230   220
  379   219   209
  380   149   139
  381   108    98
  382   123   113
  383   405   395
  384    46    36
  385   162   152
  386   496   486
  387    38    28
  388   310   300
  389   331   321
  390    50    40
  391   368   358
  392    36    26
  393   446   436
  394   391   381
  395   244   234
  396   174   164
  397   369   359
  398   289   279
  399    55    45
  400   422   412
  401   389   379
  402   418   408
  403   443   433
  404   144   134
  405   461   451
  406   502   492
  407   509   499
  408   204   194
  409   385   375
  410   256   246
  411   107    97
  412    39    29
  413   226   216
  414   341   331
  415   436   426
  416   330   320
  417   481   471
  418   312   302
  419   419   409
  420   329   319
  421    98    88
  422    99    89
  423   238   228
  424    83    73
  425   353   343
  426   307   297
  427   407   397
  428   267   257
  429   196   186
  430   282   272
  431   333   323
  432   313   303
  433   462   452
  434   497   487
  435   242   232
  436   463   453
  437   367   357
  438   174   164
  439    44    34
  440   193   183
  441   368   358
  442    88    78
  443   183   173
  444    85    75
  445   107    97
  446   374   364
  447   422   412
  448   371   361
  449   178   168
  450   147   137
  451   182   172
  452   374   364
  453   441   431
  454   378   368
  455    47    37
  456   100    90
  457    53    43
  458   311   301
  459   269   259
  460   203   193
  461   471   461
  462   382   372
  463   252   242
  464   469   459
  465    55    45
  466   200   190
  467   372   362
  468   226   216
  469   431   421
  470    42    32
  471   462   452
  472    19     9
  473   111   101
  474   301   291
  475   267   257
  476   363   353
  477   339   329
  478   424   414
  479   247   237
  480   397   387
  481   227   217
  482   227   217
  483   509   499
  484   295   285
  485   143   133
  486   356   346
  487   477   467
  488   454   444
  489   140   130
  490    26    16
  491    73    63
  492   492   482
  493   424   414
  494   374   364
  495   168   158
  496   297   287
  497   354   344
  498    31    21
  499   358   348
  500   376   366
42557
