500
    1   301   281
    2   448   442
    3   310   356
    4   425   425
    5   240   214
    6   251   263
    7    49    75
    8    39    41
    9   323   319
   10   269   312
   11   366   325
   12   265   237
   13   346   310
   14   348   386
   15   332   306
   16   326   346
   17   176   207
   18   163   118
   19   172   179
   20   174   208
   21    82    51
   22   495   453
   23   215   238
   24   458   500
   25   192   182
   26   438   470
   27   284   324
   28   164   157
   29   268   315
   30   535   497
   31   379   419
   32   195   177
   33   244   285
   34   372   335
   35   271   306
   36    42    15
   37    90    98
   38   144   114
   39   184   202
   40   152   180
   41   347   353
   42    25    63
   43   461   448
   44   209   159
   45   154   125
   46   158   156
   47   444   471
   48   400   415
   49   463   481
   50   216   202
   51   509   468
   52   102   134
   53   441   447
   54   212   182
   55   237   246
   56   135   121
   57   273   279
   58   409   380
   59   266   306
   60   436   468
   61    87   110
   62   399   384
   63   311   277
   64    28    24
   65   377   333
   66   251   218
   67   229   258
   68   473   500
   69   170   214
   70   451   455
   71   116    75
   72   247   279
   73   338   304
   74   112   101
   75   403   413
   76   259   242
   77   187   148
   78   329   345
   79   386   418
   80   439   484
   81   147   139
   82    29     3
   83   432   436
   84   532   491
   85   188   179
   86   129   115
   87   295   281
   88   341   306
   89    96    96
   90   186   165
   91   422   402
   92   277   290
   93   259   242
   94    96    57
   95   333   298
   96   447   471
   97    94    59
   98   461   454
   99   351   350
  100   402   390
  101   463   479
  102   136   150
  103    49    80
  104   207   190
  105   372   363
  106   186   220
  107   326   297
  108   285   288
  109    74   104
  110   105   135
  111   272   316
  112   160   209
  113    66    23
  114   237   227
  115    55   103
  116   437   428
  117   460   469
  118   167   143
  119    78    63
  120    73   106
  121   405   445
  122     1    10
  123   419   457
  124   415   412
  125   537   499
  126   246   288
  127   113   133
  128     1    25
  129   200   228
  130   345   317
  131   348   363
  132   385   375
  133   186   156
  134   124    86
  135   124    82
  136   169   160
  137   363   383
  138   108   104
  139    75    75
  140    70    46
  141   346   361
  142     1     2
  143   238   241
  144   135    93
  145   137   147
  146   307   272
  147   223   176
  148   300   257
  149   211   210
  150    83   108
  151     1    31
  152   461   446
  153   473   451
  154    23    18
  155   247   219
  156    11     2
  157   486   480
  158   254   289
  159   193   159
  160   448   487
  161    61   103
  162   373   332
  163   135   108
  164   230   235
  165   234   231
  166   406   376
  167   432   384
  168   400   417
  169    96   103
  170   395   367
  171   354   352
  172   327   291
  173   230   242
  174   141   147
  175    64    96
  176   156   136
  177   185   200
  178   497   491
  179   276   316
  180    98    61
  181   380   393
  182   513   498
  183   284   234
  184    90   106
  185   216   206
  186   211   247
  187   107   140
  188   188   199
  189    62    81
  190   220   207
  191     1    16
  192   286   264
  193   345   342
  194   106    78
  195   308   283
  196    47    83
  197   204   225
  198    49    39
  199    38    64
  200   353   347
  201    67    28
  202   445   454
  203     1    16
  204   501   496
  205   354   368
  206   508   482
  207    45    26
  208   407   371
  209    48    37
  210   330   303
  211   230   234
  212   437   433
  213   283   292
  214   254   222
  215   305   291
  216   303   345
  217   108   118
  218   199   217
  219   278   239
  220   402   388
  221    83    99
  222   216   230
  223   353   311
  224   440   477
  225   179   129
  226    70    37
  227   420   425
  228   482   447
  229     1     1
  230   335   384
  231   348   359
  232   187   208
  233    62    82
  234   101    68
  235   392   379
  236    67   101
  237   394   443
  238   435   427
  239   292   254
  240   338   330
  241   389   403
  242   404   361
  243    78    91
  244   205   253
  245   120    92
  246   240   284
  247   320   347
  248   315   351
  249   106    62
  250   197   150
  251   410   364
  252   291   328
  253   122   146
  254   177   171
  255   318   321
  256   218   242
  257   465   466
  258   504   498
  259    33    41
  260    27     2
  261   147   137
  262   229   215
  263   469   484
  264   446   448
  265   363   389
  266   101   119
  267    20    32
  268   153   141
  269   220   206
  270   275   297
  271   299   333
  272   494   445
  273   397   433
  274   472   476
  275   109   147
  276   357   308
  277   120   168
  278   136   136
  279   465   426
  280    36    38
  281   122   166
  282    80    88
  283   421   441
  284   127   104
  285   288   278
  286    27    18
  287    60    41
  288    48    18
  289   160   170
  290   261   276
  291   311   344
  292    22    33
  293    97    78
  294   442   419
  295    23    24
  296   103   140
  297   494   496
  298   229   260
  299     1     7
  300   361   381
  301   155   198
  302    67   108
  303   145   135
  304   398   363
  305   217   173
  306   339   301
  307   496   485
  308   182   159
  309    81    45
  310   281   277
  311   327   323
  312   334   384
  313    82   132
  314    20    55
  315   459   463
  316   220   260
  317   364   346
  318   358   375
  319   235   196
  320   482   490
  321   445   484
  322   461   424
  323   433   401
  324    15     8
  325   398   399
  326   230   269
  327   304   351
  328     7    24
  329   228   215
  330    51    34
  331     1    17
  332   464   469
  333   295   330
  334   524   482
  335    50    59
  336   169   177
  337    16    48
  338   190   240
  339   458   450
  340   226   185
  341   446   471
  342   313   264
  343   165   195
  344   319   318
  345   255   226
  346   176   216
  347   361   329
  348   322   355
  349   317   267
  350   101   101
  351   533   486
  352    21    62
  353   136   158
  354   359   386
  355   134   102
  356    79   118
  357   320   313
  358   287   333
  359    78    72
  360    91   120
  361   160   171
  362     7    26
  363   338   354
  364   490   492
  365     1    31
  366   469   469
  367   201   238
  368   182   214
  369   188   229
  370   149   168
  371   329   337
  372   141   103
  373   126    85
  374    68    20
  375    26    22
  376    13     3
  377   509   492
  378   125   131
  379   295   305
  380    11    50
  381    46    56
  382    91    69
  383   179   174
  384   259   237
  385   452   449
  386   143   105
  387   184   229
  388    38    68
  389   402   431
  390   282   246
  391   216   244
  392   347   351
  393   200   180
  394    34    72
  395   352   306
  396   247   203
  397   248   201
  398   496   497
  399    61    48
  400   101   147
  401   225   230
  402    44    15
  403   180   167
  404   308   317
  405   210   240
  406   168   186
  407   337   315
  408   300   340
  409    59    68
  410   155   180
  411   384   400
  412   336   297
  413   151   126
  414   181   134
  415   249   237
  416   240   204
  417    90    92
  418   144   130
  419   184   214
  420   359   349
  421   102    67
  422   133   136
  423    65   107
  424   206   165
  425   160   138
  426    71    59
  427   185   208
  428   209   257
  429   232   260
  430   203   231
  431   349   348
  432    43    55
  433   415   399
  434   205   250
  435   123   148
  436   362   378
  437   281   243
  438   126    77
  439   285   243
  440    88   128
  441    81   127
  442   125    86
  443   263   233
  444   265   279
  445    66    65
  446   496   453
  447     1     2
  448   484   486
  449    83    52
  450   481   496
  451   451   406
  452   272   259
  453    38    34
  454     1     9
  455   377   364
  456    88   124
  457   325   340
  458   200   176
  459   388   413
  460   131    91
  461   261   267
  462   110   131
  463   277   307
  464   303   304
  465   236   186
  466   420   439
  467   359   356
  468   371   379
  469   324   372
  470   339   295
  471    98    90
  472    37    32
  473   335   292
  474    95    49
  475   185   141
  476     1    33
  477   251   300
  478   163   150
  479   226   194
  480   427   472
  481   312   273
  482   229   260
  483   221   249
  484   336   351
  485   322   343
  486    99   135
  487   341   388
  488   438   486
  489   383   371
  490   112   106
  491   540   500
  492   168   157
  493   387   402
  494   166   205
  495     1    36
  496   292   284
  497   115   145
  498   490   490
  499   431   422
  500   306   344
20239
