100
    1    47    50
    2    27    26
    3    22    26
    4    27    29
    5    15    14
    6    19    18
    7     1     1
    8    28    30
    9    48    43
   10    21    16
   11    27    22
   12    51    47
   13    14    10
   14    32    32
   15    28    33
   16    14    19
   17    39    43
   18    11    12
   19     1     1
   20    22    24
   21     5     7
   22    21    20
   23    46    46
   24    27    25
   25     4     1
   26    38    42
   27     3     8
   28    33    38
   29    42    38
   30    24    25
   31    47    50
   32    10     6
   33    16    16
   34    24    25
   35     1     4
   36    41    41
   37    27    22
   38    32    31
   39    41    44
   40    35    39
   41    23    27
   42    38    38
   43     5     6
   44    45    40
   45     1     3
   46    12     9
   47     5     2
   48    41    40
   49    19    19
   50    16    12
   51     1     3
   52    24    24
   53    26    31
   54    47    44
   55    11    13
   56    11    10
   57    32    33
   58    23    19
   59    36    38
   60    32    36
   61    33    29
   62    37    33
   63    10     6
   64    23    21
   65    45    42
   66     9     6
   67    41    39
   68    16    15
   69     1     4
   70     2     2
   71    23    18
   72    15    14
   73    47    50
   74     6     3
   75    41    36
   76    30    35
   77    42    37
   78    34    31
   79    49    47
   80    17    13
   81    14    16
   82     9    14
   83    39    39
   84     6     6
   85    25    22
   86     3     6
   87     8    12
   88     5    10
   89     1     2
   90     1     1
   91    38    37
   92     6     7
   93    19    17
   94    42    40
   95    29    30
   96    10     9
   97    39    39
   98    26    27
   99    51    50
  100    21    24
786
