100
    1    91    81
    2    52    42
    3    52    42
    4    52    42
    5    66    56
    6    78    68
    7    35    25
    8    78    68
    9    24    14
   10    87    77
   11    73    63
   12    67    57
   13    85    75
   14    27    17
   15    51    41
   16    29    19
   17    29    19
   18   104    94
   19    22    12
   20    44    34
   21    35    25
   22    97    87
   23    47    37
   24    37    27
   25    20    10
   26   109    99
   27    96    86
   28    40    30
   29    16     6
   30    69    59
   31    56    46
   32   110   100
   33    17     7
   34    40    30
   35    28    18
   36    48    38
   37    89    79
   38    96    86
   39    18     8
   40    79    69
   41    61    51
   42    63    53
   43    63    53
   44    69    59
   45    48    38
   46    50    40
   47   110   100
   48   106    96
   49    92    82
   50    67    57
   51    80    70
   52    80    70
   53    34    24
   54    94    84
   55    67    57
   56    57    47
   57    25    15
   58    96    86
   59   107    97
   60    38    28
   61    29    19
   62    71    61
   63    87    77
   64    66    56
   65    95    85
   66    34    24
   67    45    35
   68    85    75
   69    16     6
   70    49    39
   71    25    15
   72    63    53
   73   108    98
   74    95    85
   75    24    14
   76    93    83
   77    12     2
   78    68    58
   79    90    80
   80    57    47
   81    63    53
   82    78    68
   83    73    63
   84    39    29
   85    58    48
   86    59    49
   87    69    59
   88    13     3
   89    35    25
   90    88    78
   91    66    56
   92    21    11
   93    81    71
   94    46    36
   95    25    15
   96    94    84
   97    91    81
   98    22    12
   99    12     2
  100    47    37
832
