100
    1   256   655
    2   892   896
    3   386   346
    4   282   927
    5    67   508
    6   591   165
    7    19   981
    8   665    95
    9   112   893
   10   192   822
   11   241   995
   12     9   679
   13   141   596
   14  1000   256
   15   841   228
   16   394   528
   17    24   645
   18   984   188
   19   732   961
   20   839   890
   21   139   277
   22   485    11
   23   142   156
   24   558   514
   25   835   956
   26   652   636
   27   290   978
   28   405   795
   29   636   805
   30   470   587
   31   935    33
   32   678     7
   33   454   707
   34   845   289
   35   957   300
   36   811   237
   37   915   212
   38   701   280
   39   160   156
   40   705   106
   41    78   151
   42   379   277
   43   371   190
   44    89   273
   45   820   239
   46   961   558
   47   566   609
   48   106    29
   49   678   119
   50   151   252
   51   473   206
   52   184   412
   53   341   493
   54   443   624
   55   606   520
   56   480    75
   57   468   489
   58   346   742
   59   594   644
   60    57   958
   61   274   492
   62   820   278
   63   123   399
   64   187   486
   65   972    51
   66   955   472
   67   467   164
   68   723   850
   69   814   860
   70   651   333
   71   939   845
   72   813   409
   73   315   598
   74   363    11
   75   712   903
   76   288   412
   77   128    26
   78   259   591
   79   954    32
   80   837   782
   81   829   253
   82   460   745
   83   719   930
   84   392   941
   85    35   533
   86   218   685
   87   940   319
   88   909   816
   89   222   730
   90   636   111
   91   900   332
   92   955    48
   93    67   348
   94   682   971
   95   366   120
   96   860   233
   97    59   905
   98   534   452
   99   890   844
  100   906   144
39675
