100
    1   418   500
    2   651   776
    3   668   526
    4   744    79
    5   646   864
    6   165   518
    7   966   801
    8   952   680
    9   347   193
   10   303   766
   11   771   272
   12   799   847
   13   759   160
   14   870   632
   15   931   633
   16   944   969
   17   682   393
   18   174   212
   19   223   701
   20   558   474
   21   350   857
   22    11   420
   23   592   496
   24   788   475
   25   501     1
   26    43   492
   27   812   958
   28   508   788
   29   598   938
   30   437   875
   31    33   150
   32   588   856
   33   352    16
   34    19    25
   35   888   304
   36   121   541
   37   221   472
   38   835   281
   39   211   344
   40   312   739
   41    64   427
   42   394   838
   43   486   306
   44    47   890
   45   287   403
   46   223   959
   47   625   102
   48   569   790
   49   825   419
   50   414    12
   51   147   403
   52   407   924
   53   295   881
   54   721   744
   55   600   613
   56   318   860
   57   615   533
   58   192   519
   59   556   688
   60   319   686
   61   196   129
   62   290   983
   63    54   356
   64   514   871
   65   159   792
   66   201   656
   67   981   889
   68   642   915
   69   361   904
   70   666   502
   71   405    18
   72    51   514
   73   189    50
   74   578   203
   75   563    36
   76   182   285
   77   586   887
   78   241    31
   79   180   197
   80   372   463
   81   727   466
   82   954   314
   83   610   839
   84   142   806
   85   221   922
   86    65   806
   87   262    12
   88   443   760
   89   440   302
   90   579   151
   91   974   337
   92   858    57
   93   654   817
   94    81   940
   95   320   580
   96    11   209
   97    37   789
   98   828   877
   99   877   800
  100   817   424
17970
