100
    1    15     5
    2    16     6
    3    56    46
    4    52    42
    5    56    46
    6    46    36
    7    37    27
    8    42    32
    9    18     8
   10    27    17
   11    25    15
   12    51    41
   13    41    31
   14    29    19
   15    55    45
   16    25    15
   17    53    43
   18    22    12
   19    32    22
   20    52    42
   21    55    45
   22    51    41
   23    39    29
   24    19     9
   25    56    46
   26    51    41
   27    16     6
   28    60    50
   29    38    28
   30    51    41
   31    38    28
   32    54    44
   33    55    45
   34    34    24
   35    48    38
   36    44    34
   37    21    11
   38    42    32
   39    50    40
   40    49    39
   41    37    27
   42    49    39
   43    21    11
   44    45    35
   45    16     6
   46    52    42
   47    24    14
   48    18     8
   49    16     6
   50    45    35
   51    46    36
   52    12     2
   53    38    28
   54    50    40
   55    55    45
   56    15     5
   57    15     5
   58    46    36
   59    47    37
   60    30    20
   61    43    33
   62    45    35
   63    17     7
   64    38    28
   65    17     7
   66    14     4
   67    49    39
   68    55    45
   69    60    50
   70    17     7
   71    47    37
   72    21    11
   73    22    12
   74    25    15
   75    40    30
   76    11     1
   77    16     6
   78    20    10
   79    16     6
   80    15     5
   81    11     1
   82    38    28
   83    37    27
   84    39    29
   85    50    40
   86    31    21
   87    33    23
   88    49    39
   89    49    39
   90    30    20
   91    18     8
   92    21    11
   93    19     9
   94    26    16
   95    39    29
   96    16     6
   97    29    19
   98    38    28
   99    12     2
  100    11     1
2068
