100
    1   228   218
    2   105    95
    3   429   419
    4   677   667
    5    15     5
    6   187   177
    7   436   426
    8   331   321
    9    25    15
   10   732   722
   11   474   464
   12   984   974
   13   538   528
   14   532   522
   15   828   818
   16   802   792
   17   770   760
   18   817   807
   19   731   721
   20   673   663
   21   920   910
   22   874   864
   23   468   458
   24   674   664
   25   713   703
   26   230   220
   27   581   571
   28   321   311
   29   777   767
   30   514   504
   31   101    91
   32   707   697
   33   282   272
   34   537   527
   35   817   807
   36   121   111
   37   734   724
   38    69    59
   39   559   549
   40   264   254
   41   674   664
   42   956   946
   43    88    78
   44   782   772
   45   457   447
   46   247   237
   47   767   757
   48   991   981
   49   329   319
   50   956   946
   51   217   207
   52   717   707
   53   911   901
   54   443   433
   55   736   726
   56    86    76
   57   570   560
   58   621   611
   59   456   446
   60   663   653
   61   390   380
   62   408   398
   63   852   842
   64   231   221
   65   256   246
   66   999   989
   67   918   908
   68   766   756
   69   313   303
   70   254   244
   71   386   376
   72    92    82
   73   665   655
   74   860   850
   75   957   947
   76  1006   996
   77   689   679
   78   665   655
   79   807   797
   80   786   776
   81    12     2
   82    79    69
   83   930   920
   84   860   850
   85   675   665
   86   124   114
   87   822   812
   88   802   792
   89   692   682
   90   205   195
   91   963   953
   92   146   136
   93   550   540
   94   615   605
   95   482   472
   96   155   145
   97    60    50
   98    55    45
   99   833   823
  100   400   390
26502
