100
    1    28    18
    2   105    95
    3    29    19
    4    77    67
    5    15     5
    6    87    77
    7    36    26
    8    31    21
    9    25    15
   10    32    22
   11    74    64
   12    84    74
   13    38    28
   14    32    22
   15    28    18
   16   102    92
   17    70    60
   18    17     7
   19    31    21
   20    73    63
   21    20    10
   22    74    64
   23    68    58
   24    74    64
   25    13     3
   26    30    20
   27    81    71
   28    21    11
   29    77    67
   30    14     4
   31   101    91
   32   107    97
   33    82    72
   34    37    27
   35    17     7
   36    21    11
   37    34    24
   38    69    59
   39    59    49
   40    64    54
   41    74    64
   42    56    46
   43    88    78
   44    82    72
   45    57    47
   46    47    37
   47    67    57
   48    91    81
   49    29    19
   50    56    46
   51    17     7
   52    17     7
   53    11     1
   54    43    33
   55    36    26
   56    86    76
   57    70    60
   58    21    11
   59    56    46
   60    63    53
   61    90    80
   62   108    98
   63    52    42
   64    31    21
   65    56    46
   66    99    89
   67    18     8
   68    66    56
   69    13     3
   70    54    44
   71    86    76
   72    92    82
   73    65    55
   74    60    50
   75    57    47
   76   106    96
   77    89    79
   78    65    55
   79   107    97
   80    86    76
   81    12     2
   82    79    69
   83    30    20
   84    60    50
   85    75    65
   86    24    14
   87    22    12
   88   102    92
   89    92    82
   90   105    95
   91    63    53
   92    46    36
   93    50    40
   94    15     5
   95    82    72
   96    55    45
   97    60    50
   98    55    45
   99    33    23
  100   100    90
2352
