500
    1   447   437
    2   281   271
    3   263   253
    4   386   376
    5   185   175
    6   387   377
    7   282   272
    8   215   205
    9   175   165
   10   501   491
   11   229   219
   12   292   282
   13   264   254
   14   281   271
   15   467   457
   16   143   133
   17   336   326
   18   470   460
   19   377   367
   20   342   332
   21   367   357
   22   158   148
   23    78    68
   24   346   336
   25    63    53
   26   190   180
   27   327   317
   28    69    59
   29   104    94
   30   278   268
   31   224   214
   32   459   449
   33   468   458
   34   189   179
   35   103    93
   36    57    47
   37   448   438
   38   406   396
   39   325   315
   40   461   451
   41   480   470
   42    53    43
   43    55    45
   44    42    32
   45   215   205
   46   199   189
   47   242   232
   48   183   173
   49   148   138
   50   400   390
   51   431   421
   52   190   180
   53    45    35
   54   371   361
   55   175   165
   56   347   337
   57   193   183
   58   133   123
   59    26    16
   60    72    62
   61   313   303
   62    80    70
   63   339   329
   64    55    45
   65   487   477
   66   327   317
   67   108    98
   68   310   300
   69   311   301
   70   111   101
   71   220   210
   72    52    42
   73    39    29
   74   296   286
   75   124   114
   76   358   348
   77   331   321
   78   418   408
   79   366   356
   80   251   241
   81    86    76
   82    83    73
   83   205   195
   84   125   115
   85   341   331
   86   253   243
   87    53    43
   88   354   344
   89   470   460
   90   114   104
   91   266   256
   92    58    48
   93   489   479
   94    96    86
   95   165   155
   96    40    30
   97   498   488
   98   276   266
   99   143   133
  100   377   367
  101   282   272
  102   374   364
  103   323   313
  104   102    92
  105   260   250
  106   438   428
  107    71    61
  108   276   266
  109   164   154
  110   447   437
  111   347   337
  112   333   323
  113   244   234
  114   258   248
  115   114   104
  116   471   461
  117   463   453
  118   219   209
  119   441   431
  120   154   144
  121   484   474
  122   155   145
  123   190   180
  124   281   271
  125    23    13
  126   213   203
  127   458   448
  128    37    27
  129   411   401
  130   314   304
  131    43    33
  132   508   498
  133   352   342
  134    20    10
  135   446   436
  136   373   363
  137   179   169
  138   404   394
  139   297   287
  140   269   259
  141   413   403
  142   168   158
  143   185   175
  144   338   328
  145   361   351
  146    52    42
  147   418   408
  148   381   371
  149   291   281
  150   506   496
  151   380   370
  152    57    47
  153   490   480
  154   457   447
  155   414   404
  156    96    86
  157   264   254
  158   475   465
  159   122   112
  160   295   285
  161   437   427
  162   510   500
  163   445   435
  164   173   163
  165    38    28
  166   129   119
  167   137   127
  168   485   475
  169   109    99
  170   312   302
  171   197   187
  172   216   206
  173    99    89
  174   121   111
  175   179   169
  176   430   420
  177    33    23
  178    35    25
  179   134   124
  180   230   220
  181   408   398
  182    37    27
  183   292   282
  184   305   295
  185   284   274
  186   273   263
  187   407   397
  188   428   418
  189   347   337
  190    91    81
  191   504   494
  192   318   308
  193   376   366
  194   100    90
  195    40    30
  196   475   465
  197   403   393
  198   396   386
  199   119   109
  200   284   274
  201   396   386
  202   464   454
  203   151   141
  204   421   411
  205   233   223
  206   334   324
  207   319   309
  208    93    83
  209   112   102
  210   386   376
  211   493   483
  212   462   452
  213    22    12
  214   249   239
  215    98    88
  216    36    26
  217   130   120
  218   449   439
  219   192   182
  220   232   222
  221   374   364
  222   101    91
  223   402   392
  224   481   471
  225   128   118
  226    89    79
  227   392   382
  228   315   305
  229   304   294
  230   389   379
  231   462   452
  232    52    42
  233   126   116
  234    50    40
  235   444   434
  236    20    10
  237   232   222
  238    93    83
  239    80    70
  240   318   308
  241   167   157
  242   349   339
  243   436   426
  244   186   176
  245   371   361
  246   337   327
  247    14     4
  248   134   124
  249    12     2
  250   119   109
  251   214   204
  252   352   342
  253   207   197
  254   100    90
  255   347   337
  256    37    27
  257    18     8
  258    39    29
  259    38    28
  260   152   142
  261    85    75
  262   402   392
  263   108    98
  264   454   444
  265   222   212
  266   411   401
  267   307   297
  268   458   448
  269   156   146
  270   337   327
  271    61    51
  272   115   105
  273    44    34
  274    64    54
  275   222   212
  276   217   207
  277    69    59
  278   146   136
  279   347   337
  280   141   131
  281   134   124
  282   317   307
  283   256   246
  284   432   422
  285    62    52
  286   325   315
  287    74    64
  288   431   421
  289   172   162
  290   231   221
  291   237   227
  292   430   420
  293    61    51
  294    12     2
  295    38    28
  296   298   288
  297    56    46
  298   228   218
  299    85    75
  300   286   276
  301   368   358
  302    84    74
  303   272   262
  304   318   308
  305   357   347
  306   247   237
  307   495   485
  308   239   229
  309   449   439
  310   452   442
  311   223   213
  312   135   125
  313   465   455
  314   173   163
  315    42    32
  316   436   426
  317   509   499
  318   375   365
  319   464   454
  320   388   378
  321   336   326
  322    78    68
  323   218   208
  324   217   207
  325   129   119
  326   377   367
  327   385   375
  328    92    82
  329    24    14
  330   228   218
  331   393   383
  332    40    30
  333    30    20
  334   326   316
  335   299   289
  336   363   353
  337   361   351
  338   109    99
  339   148   138
  340   460   450
  341    42    32
  342   146   136
  343   473   463
  344   285   275
  345   468   458
  346   393   383
  347    41    31
  348   317   307
  349   398   388
  350   422   412
  351   386   376
  352   223   213
  353   469   459
  354    86    76
  355   408   398
  356   281   271
  357   377   367
  358   141   131
  359   315   305
  360    76    66
  361   434   424
  362    98    88
  363    48    38
  364   233   223
  365   111   101
  366   420   410
  367   471   461
  368   488   478
  369   272   262
  370    60    50
  371   232   222
  372    53    43
  373   165   155
  374   448   438
  375   396   386
  376   243   233
  377   187   177
  378   251   241
  379    32    22
  380   134   124
  381   157   147
  382   128   118
  383   166   156
  384   171   161
  385   283   273
  386   353   343
  387   439   429
  388   399   389
  389   408   398
  390   459   449
  391   225   215
  392   421   411
  393   483   473
  394   256   246
  395   441   431
  396   439   429
  397   266   256
  398    94    84
  399   260   250
  400   267   257
  401   398   388
  402   143   133
  403   400   390
  404    13     3
  405   330   320
  406   403   393
  407    14     4
  408   305   295
  409    14     4
  410   297   287
  411   220   210
  412   220   210
  413   299   289
  414   446   436
  415   353   343
  416   491   481
  417   350   340
  418   253   243
  419   324   314
  420    30    20
  421   307   297
  422   456   446
  423   211   201
  424   148   138
  425   338   328
  426   432   422
  427   448   438
  428   484   474
  429   293   283
  430   491   481
  431    98    88
  432    78    68
  433   131   121
  434   190   180
  435   463   453
  436   408   398
  437   412   402
  438    91    81
  439   453   443
  440   382   372
  441   385   375
  442   497   487
  443    68    58
  444   362   352
  445   180   170
  446   283   273
  447    99    89
  448    80    70
  449   139   129
  450   280   270
  451   143   133
  452   143   133
  453   454   444
  454   471   461
  455    36    26
  456   369   359
  457   138   128
  458   492   482
  459   210   200
  460   336   326
  461   292   282
  462   163   153
  463    13     3
  464    66    56
  465   288   278
  466   305   295
  467   461   451
  468    87    77
  469   208   198
  470   223   213
  471   471   461
  472    20    10
  473   120   110
  474   286   276
  475   120   110
  476   264   254
  477   488   478
  478   449   439
  479   368   358
  480   170   160
  481   356   346
  482   344   334
  483   478   468
  484    36    26
  485   420   410
  486   305   295
  487   214   204
  488   483   473
  489    25    15
  490   131   121
  491   438   428
  492   377   367
  493   249   239
  494   183   173
  495   281   271
  496   142   132
  497   303   293
  498   312   302
  499   139   129
  500   409   399
83242
