500
    1    28    37
    2    50    53
    3    66    75
    4    72    72
    5    66    65
    6    25    19
    7    44    54
    8    62    57
    9    31    26
   10    73    67
   11    54    57
   12    69    68
   13    57    53
   14    14    17
   15    86    94
   16    24    14
   17    52    58
   18    96    93
   19    47    38
   20    12    15
   21    80    70
   22    38    45
   23     1     5
   24    26    32
   25    31    38
   26    12    21
   27    42    35
   28    61    65
   29    83    83
   30    20    16
   31    13     3
   32    39    29
   33    71    77
   34    95    98
   35     1     1
   36    14    10
   37    34    29
   38    14    14
   39    16    21
   40    66    56
   41    80    76
   42    98    95
   43    38    31
   44    53    43
   45    63    60
   46    53    56
   47    82    79
   48    61    55
   49    86    88
   50    34    33
   51    71    72
   52     6    13
   53    51    50
   54    60    61
   55    63    54
   56    39    37
   57    40    34
   58     8     4
   59    43    53
   60    36    31
   61    83    74
   62    72    80
   63     3    13
   64    54    48
   65     6     1
   66    38    33
   67    48    42
   68    44    36
   69    69    69
   70    91    87
   71     3     3
   72    66    75
   73    48    51
   74    15     8
   75    90    81
   76    71    70
   77    76    80
   78     3     4
   79    59    54
   80    22    12
   81    17    27
   82    44    35
   83    20    28
   84    21    27
   85   103    99
   86    83    87
   87    81    89
   88    65    69
   89    23    23
   90    33    24
   91   102    98
   92    74    82
   93    81    74
   94    95    97
   95    29    37
   96    96    94
   97    74    66
   98    24    30
   99   103    93
  100     6     9
  101    76    86
  102    48    41
  103    13    23
  104     1     9
  105    12     2
  106    76    83
  107     4    12
  108    94    88
  109    18    20
  110    79    82
  111    70    64
  112    96    92
  113     9    18
  114    89    82
  115   104    94
  116    44    52
  117    26    16
  118    39    34
  119    16    22
  120    79    70
  121    64    57
  122    16    26
  123    65    61
  124    12     4
  125     6     2
  126    10     4
  127    99    97
  128    47    37
  129     3     8
  130    26    28
  131    71    75
  132    92    98
  133     9    12
  134    88    97
  135    36    46
  136    45    51
  137    37    34
  138     8    12
  139    54    59
  140    33    37
  141    23    24
  142    46    46
  143    60    52
  144    54    64
  145    63    62
  146    25    27
  147    61    51
  148    27    28
  149    47    46
  150    72    75
  151    66    58
  152    53    62
  153    55    47
  154    79    85
  155    34    39
  156    11    13
  157    51    55
  158    40    32
  159   101    99
  160    57    54
  161    36    26
  162     1     8
  163    25    19
  164    82    75
  165    15    14
  166    83    83
  167    16    20
  168    94    89
  169    42    51
  170    48    38
  171    34    32
  172    60    63
  173    51    58
  174    36    31
  175    95    88
  176    69    76
  177    49    59
  178    96    98
  179    67    67
  180    11     5
  181    34    24
  182    38    38
  183     1     1
  184    61    61
  185    69    62
  186    12    22
  187    53    55
  188    90    86
  189    71    77
  190    17    22
  191    54    47
  192    65    56
  193    63    73
  194    28    29
  195   101    98
  196     8    15
  197    75    73
  198    24    31
  199    53    56
  200    51    50
  201    81    88
  202    83    90
  203    17    20
  204     1     4
  205     1     4
  206    14    10
  207    81    89
  208    34    43
  209    33    40
  210    16    14
  211   103    97
  212     1     1
  213    21    28
  214    42    38
  215    92    83
  216    96    88
  217    11    21
  218    54    53
  219     5     2
  220    37    43
  221    73    75
  222    68    58
  223    68    70
  224    99    89
  225    27    29
  226    25    33
  227    46    44
  228    21    26
  229    28    28
  230    95   100
  231    80    82
  232     1     3
  233    70    78
  234    61    51
  235   104    98
  236    59    61
  237     1    10
  238    16    10
  239    69    78
  240    52    58
  241    41    46
  242    75    68
  243     3    10
  244     7     4
  245    21    15
  246    18    28
  247    34    39
  248    61    71
  249    85    93
  250    23    29
  251    38    40
  252    98   100
  253    31    22
  254    73    63
  255    71    76
  256    58    50
  257    38    45
  258    24    25
  259    95    92
  260    51    58
  261    50    60
  262    24    18
  263    57    52
  264    94    84
  265     7     8
  266    89    91
  267    54    63
  268    23    13
  269    52    54
  270    26    36
  271    99    89
  272    57    48
  273   101    97
  274    41    44
  275    12    10
  276    19    11
  277    15    16
  278     1     7
  279    33    38
  280     1     1
  281    87    82
  282    62    63
  283    69    76
  284    44    36
  285     3     5
  286     1     6
  287    69    64
  288    23    18
  289    59    62
  290     5     4
  291    22    19
  292   102    97
  293    47    49
  294    16    11
  295    41    36
  296    73    68
  297    13    11
  298    18    19
  299    10    11
  300    70    69
  301    96    97
  302    55    56
  303     1     7
  304    12     6
  305    45    48
  306    99    93
  307    60    64
  308    59    50
  309    59    53
  310    65    64
  311    64    63
  312     1     7
  313    57    51
  314    18    19
  315    52    47
  316    69    63
  317    55    58
  318    70    66
  319    33    27
  320    41    34
  321    94    91
  322    47    44
  323    35    45
  324    20    27
  325    50    42
  326    67    60
  327    62    63
  328    42    48
  329    87    95
  330     1     2
  331    91    89
  332    97    96
  333    48    38
  334    84    89
  335    11    11
  336    39    36
  337    17     8
  338     2     8
  339    30    21
  340    12    21
  341    56    50
  342    39    47
  343   105    99
  344     4     5
  345     1     5
  346    53    60
  347    87    93
  348     4    11
  349    49    46
  350     1     4
  351    18     9
  352    82    89
  353    88    89
  354    55    49
  355    47    49
  356    13    10
  357    62    56
  358    67    72
  359   101    96
  360    36    43
  361     7    15
  362    70    62
  363    90    98
  364    69    67
  365    36    27
  366    95   100
  367    33    34
  368    18     9
  369   102    96
  370   105    96
  371    27    29
  372    75    83
  373     5     1
  374    91    87
  375     1     5
  376   105    98
  377    16    24
  378    14    19
  379    47    57
  380    63    66
  381    37    28
  382    84    84
  383    22    13
  384   100   100
  385    89    88
  386     3    12
  387    91    84
  388    24    27
  389    71    63
  390     1     5
  391    77    76
  392     5     2
  393    71    64
  394   103    95
  395    24    25
  396    80    70
  397     3     1
  398    10     1
  399    23    15
  400    38    30
  401    98    97
  402    49    54
  403     8    15
  404    82    88
  405    87    83
  406    31    41
  407    23    31
  408    29    39
  409    78    83
  410    12     3
  411    72    80
  412    97   100
  413    96    94
  414     7    10
  415    58    68
  416    34    35
  417    19    16
  418     5     1
  419    52    45
  420    79    81
  421     1     2
  422    38    40
  423    31    22
  424     7    17
  425     9    13
  426    26    30
  427     2     7
  428    24    25
  429    79    71
  430    94    95
  431    95    88
  432    87    79
  433    39    35
  434    58    58
  435    94    92
  436    55    54
  437    23    31
  438    45    45
  439    85    75
  440    50    60
  441    44    39
  442    64    57
  443    87    81
  444    37    35
  445    37    40
  446    96    97
  447    40    30
  448    70    78
  449    23    32
  450   100    96
  451    46    46
  452    76    78
  453    27    34
  454    36    32
  455    76    71
  456    77    87
  457    43    44
  458    56    55
  459    40    44
  460    49    55
  461    90    94
  462    34    27
  463    64    70
  464    70    75
  465    86    77
  466    39    43
  467    52    59
  468    13     7
  469     1     7
  470    80    86
  471    63    61
  472    29    36
  473    84    91
  474    67    69
  475    64    69
  476     7     8
  477   100   100
  478     1     1
  479    16    22
  480    35    36
  481    49    44
  482     7    12
  483    13     8
  484   103    95
  485    26    18
  486    63    54
  487    33    31
  488    27    25
  489    66    62
  490    82    86
  491    27    20
  492    72    68
  493    83    86
  494    88    88
  495    27    32
  496    86    91
  497    78    72
  498    70    78
  499    47    57
  500    38    39
16256
