500
    1   204   218
    2   372   419
    3    49     5
    4   419   426
    5     1    15
    6   471   464
    7    57    28
    8   287   318
    9   237   260
   10   219   221
   11   404   410
   12   448   458
   13   214   203
   14    95    71
   15   237   267
   16    46    91
   17   286   272
   18   314   307
   19   218   224
   20     5    49
   21   146   164
   22   126    78
   23   412   447
   24   262   257
   25   284   319
   26   174   207
   27   380   401
   28   256   226
   29    95    60
   30   415   446
   31   374   380
   32   294   342
   33   293   246
   34   431   408
   35   302   303
   36   410   376
   37   140   155
   38   427   447
   39   158   179
   40   288   297
   41     1     2
   42   432   420
   43   187   165
   44   315   312
   45   169   182
   46   485   453
   47    48    40
   48   482   472
   49    92    50
   50   341   323
   51   386   337
   52    55    23
   53   290   316
   54   487   499
   55   324   287
   56    49    98
   57   516   480
   58   465   465
   59    41    71
   60   169   213
   61   495   455
   62    64    81
   63   397   434
   64   389   409
   65   488   442
   66    93    95
   67   230   211
   68   363   329
   69   254   287
   70   210   240
   71   426   460
   72   478   440
   73    87   105
   74   271   306
   75   150   158
   76   361   327
   77   407   433
   78   178   218
   79   522   475
   80   135   133
   81   300   292
   82   114   124
   83   464   433
   84   294   312
   85   400   356
   86   490   496
   87    61    50
   88   194   215
   89     1     9
   90   101   138
   91   243   271
   92     1    15
   93   212   199
   94    33    14
   95   389   363
   96   445   448
   97   338   328
   98   307   299
   99   434   443
  100   317   267
  101    69    84
  102   392   439
  103     1     9
  104    54   103
  105   339   356
  106   122   165
  107   303   338
  108   287   321
  109   286   281
  110   112    64
  111   266   245
  112   472   434
  113   493   484
  114   261   228
  115   549   500
  116   371   341
  117   176   170
  118   490   440
  119   351   336
  120   477   479
  121     1    22
  122   268   287
  123   269   226
  124   366   409
  125   234   232
  126    31     1
  127   248   278
  128   155   130
  129     1    17
  130     1    22
  131     1     4
  132    61    24
  133   238   257
  134   242   227
  135   317   355
  136   489   485
  137   406   420
  138    50     9
  139   478   500
  140   521   471
  141   344   306
  142   261   267
  143   371   410
  144    51    10
  145   292   324
  146   395   409
  147   102    93
  148   411   374
  149   237   203
  150   237   253
  151   322   352
  152   427   451
  153   128   112
  154   141    99
  155    59    96
  156    80    79
  157   322   361
  158   159   118
  159    93    52
  160    19    68
  161   239   252
  162   207   249
  163   468   449
  164   252   264
  165    10    48
  166   415   381
  167   106    77
  168   498   498
  169   380   396
  170   497   484
  171   157   177
  172     1     8
  173   298   283
  174   255   236
  175    50    21
  176    67    65
  177   433   437
  178   132    96
  179   110    81
  180   366   326
  181   323   350
  182   154   127
  183   416   415
  184   389   343
  185   380   371
  186   122   128
  187   278   253
  188   366   388
  189   484   478
  190    30    20
  191   346   373
  192     1    25
  193   447   463
  194   430   479
  195   383   360
  196   396   440
  197   430   454
  198   194   236
  199   510   461
  200    38    52
  201    56    37
  202   460   411
  203   383   385
  204     1     1
  205   208   189
  206   439   403
  207    53    99
  208   272   288
  209   455   406
  210   165   208
  211   471   443
  212   216   214
  213   104    85
  214   216   263
  215   339   388
  216    93   110
  217   267   287
  218   261   246
  219   301   284
  220   443   489
  221   135   116
  222   134   115
  223   421   384
  224   180   154
  225   436   398
  226   483   498
  227   437   438
  228   424   436
  229    95    86
  230   287   325
  231   395   372
  232   231   277
  233   279   315
  234   110   157
  235   157   156
  236   263   302
  237   451   452
  238   126    88
  239   411   403
  240   449   451
  241     1    32
  242   112   138
  243   196   176
  244   223   182
  245   500   477
  246   315   341
  247   462   480
  248   460   464
  249   313   319
  250   285   239
  251   283   245
  252   363   345
  253   318   327
  254   438   468
  255   418   422
  256   430   419
  257   312   319
  258    67    19
  259    35    42
  260    80    39
  261    80    58
  262   354   348
  263   261   265
  264    52     5
  265     1     2
  266   508   500
  267   367   389
  268   173   158
  269   539   499
  270   255   262
  271   343   342
  272    74    42
  273   120    78
  274   135    85
  275   120   120
  276   323   341
  277    11     5
  278   172   181
  279     1     3
  280    59    11
  281   430   479
  282   273   305
  283   165   198
  284   470   497
  285   221   199
  286   101    79
  287   230   254
  288   426   415
  289   240   203
  290    54    33
  291   503   497
  292   138   142
  293   195   195
  294   176   216
  295   139   165
  296   329   325
  297   285   301
  298   165   161
  299   446   412
  300   288   306
  301   437   431
  302   285   309
  303   150   188
  304   387   428
  305    59    26
  306   104    98
  307     1    38
  308   168   120
  309    92    50
  310   433   466
  311    39    80
  312   278   233
  313   451   473
  314   343   364
  315     9    16
  316   231   229
  317   392   351
  318   121   100
  319   448   417
  320   254   255
  321   495   489
  322   161   173
  323   245   294
  324   146   121
  325   325   328
  326   200   194
  327   443   464
  328   277   301
  329   212   168
  330   322   279
  331   365   326
  332   288   326
  333   289   335
  334   515   487
  335    78    88
  336    49    14
  337    57    21
  338    30    21
  339    70    95
  340   294   342
  341   101   124
  342   223   189
  343   414   464
  344     1     7
  345   435   415
  346    76    45
  347   437   402
  348   199   228
  349    65    20
  350   270   306
  351   331   299
  352   410   411
  353   485   479
  354   454   495
  355     5    31
  356   254   215
  357     4    42
  358    42    62
  359   453   493
  360   429   469
  361   220   172
  362   268   283
  363   268   283
  364   436   445
  365   469   428
  366   227   190
  367   345   335
  368   226   211
  369    78    46
  370    66    53
  371   306   334
  372   400   428
  373   404   434
  374   174   165
  375   412   447
  376   519   500
  377   230   241
  378   286   320
  379   103    78
  380     9    27
  381   109   137
  382   428   410
  383   182   167
  384   343   382
  385    15     6
  386   428   474
  387   295   302
  388   420   377
  389    42    88
  390   352   319
  391   192   193
  392   181   188
  393   347   369
  394   354   357
  395    77   119
  396   261   212
  397   188   162
  398   240   230
  399   251   293
  400   177   172
  401   162   139
  402   169   172
  403   364   332
  404   444   434
  405   464   469
  406   337   387
  407   323   356
  408   174   209
  409    15    17
  410   247   229
  411    47    81
  412   163   166
  413   404   435
  414   185   215
  415   483   458
  416   194   161
  417   396   441
  418   436   411
  419   349   335
  420   393   370
  421   453   488
  422   153   177
  423    69    20
  424   313   330
  425    85    55
  426   230   204
  427    84    41
  428   474   466
  429    23    37
  430   442   404
  431   220   241
  432   249   204
  433   266   256
  434   407   419
  435    50    77
  436   399   431
  437    18    68
  438   286   322
  439   407   428
  440   314   313
  441   318   296
  442   114    67
  443   420   398
  444    29    44
  445     3    46
  446   423   446
  447   305   323
  448   424   411
  449   365   405
  450   466   493
  451   467   435
  452   415   372
  453   406   439
  454   256   294
  455   377   341
  456   547   497
  457    27    45
  458   179   229
  459   140   134
  460   112   100
  461   113   116
  462    38    28
  463   355   316
  464    34    49
  465   507   483
  466   308   344
  467   176   225
  468   126   128
  469    60    29
  470   194   192
  471    55     7
  472   207   201
  473   137   125
  474   417   462
  475   440   398
  476   383   414
  477    88    69
  478    49    79
  479    28    15
  480   132   181
  481   442   454
  482   456   433
  483   218   186
  484   321   344
  485    68    88
  486   192   176
  487   322   289
  488    39    43
  489   176   196
  490   462   495
  491   374   349
  492   242   198
  493   249   219
  494   293   258
  495   276   297
  496   411   453
  497   190   230
  498   228   187
  499   422   379
  500   348   377
64710
