500
    1    71    37
    2    76    53
    3    77    75
    4     5    72
    5    91    65
    6    82    19
    7    71    54
    8    33    57
    9    60    26
   10    32    67
   11    48    57
   12    36    68
   13    80    53
   14    59    17
   15    68    94
   16    49    14
   17    79    58
   18    47    93
   19    96    38
   20    51    15
   21    43    70
   22    32    45
   23    89     5
   24    73    32
   25    90    38
   26    80    21
   27    61    35
   28    37    65
   29    23    83
   30    62    16
   31    70     3
   32    45    29
   33    17    77
   34   100    98
   35     1     1
   36    42    10
   37    86    29
   38    48    14
   39     8    21
   40    41    56
   41    73    76
   42    15    95
   43    43    31
   44    44    43
   45     4    60
   46    48    56
   47    86    79
   48    30    55
   49    66    88
   50    67    33
   51    64    72
   52    92    13
   53    28    50
   54    66    61
   55    37    54
   56    23    37
   57    48    34
   58    61     4
   59     9    53
   60    44    31
   61    45    74
   62    71    80
   63     3    13
   64    27    48
   65     4     1
   66    98    33
   67    10    42
   68    63    36
   69    94    69
   70    59    87
   71    58     3
   72    28    75
   73    42    51
   74    71     8
   75    96    81
   76    47    70
   77    47    80
   78    86     4
   79    65    54
   80    85    12
   81   100    27
   82    63    35
   83    19    28
   84    75    27
   85     2    99
   86     6    87
   87    11    89
   88    20    69
   89    25    23
   90    20    24
   91    27    98
   92    95    82
   93    63    74
   94    18    97
   95    81    37
   96     8    94
   97    90    66
   98    65    30
   99    86    93
  100    74     9
  101    54    86
  102    11    41
  103    24    23
  104    83     9
  105    76     2
  106    52    83
  107    39    12
  108    26    88
  109    39    20
  110    22    82
  111    91    64
  112    71    92
  113    79    18
  114     5    82
  115    79    94
  116    42    52
  117    40    16
  118    10    34
  119    83    22
  120     8    70
  121    39    57
  122    76    26
  123    27    61
  124    24     4
  125     9     2
  126    42     4
  127    90    97
  128    27    37
  129    29     8
  130    42    28
  131    92    75
  132    44    98
  133     1    12
  134    48    97
  135    27    46
  136     5    51
  137    54    34
  138     7    12
  139    36    59
  140    31    37
  141     7    24
  142    22    46
  143    15    52
  144    21    64
  145    21    62
  146    20    27
  147     2    51
  148    88    28
  149    18    46
  150    76    75
  151    74    58
  152     8    62
  153    37    47
  154    29    85
  155    42    39
  156    25    13
  157    63    55
  158    26    32
  159    65    99
  160    78    54
  161    68    26
  162     7     8
  163    67    19
  164    82    75
  165    18    14
  166    30    83
  167    16    20
  168    53    89
  169    99    51
  170    50    38
  171    36    32
  172    75    63
  173    83    58
  174     7    31
  175    12    88
  176    13    76
  177    76    59
  178    71    98
  179    31    67
  180    66     5
  181    88    24
  182    23    38
  183    10     1
  184    78    61
  185    50    62
  186    43    22
  187    38    55
  188    33    86
  189    41    77
  190    24    22
  191    18    47
  192    61    56
  193    43    73
  194    89    29
  195    49    98
  196    11    15
  197    46    73
  198    29    31
  199    84    56
  200    57    50
  201    33    88
  202     3    90
  203    93    20
  204    95     4
  205    87     4
  206    10    10
  207    36    89
  208    81    43
  209    43    40
  210    20    14
  211    46    97
  212    38     1
  213    22    28
  214    74    38
  215    81    83
  216    68    88
  217    80    21
  218    98    53
  219    81     2
  220    72    43
  221    87    75
  222    52    58
  223    73    70
  224    70    89
  225    70    29
  226    33    33
  227    61    44
  228    59    26
  229    82    28
  230    26   100
  231    53    82
  232    56     3
  233    95    78
  234    77    51
  235    13    98
  236    10    61
  237    76    10
  238    54    10
  239    39    78
  240    60    58
  241    34    46
  242    26    68
  243    95    10
  244    73     4
  245    21    15
  246    67    28
  247    73    39
  248    32    71
  249     2    93
  250    99    29
  251    13    40
  252    91   100
  253    93    22
  254     4    63
  255    38    76
  256    62    50
  257    49    45
  258    89    25
  259    56    92
  260    42    58
  261    94    60
  262    99    18
  263    65    52
  264    55    84
  265    74     8
  266    76    91
  267    63    63
  268    88    13
  269    48    54
  270    22    36
  271    27    89
  272    94    48
  273    21    97
  274    98    44
  275    75    10
  276    92    11
  277    19    16
  278    94     7
  279    84    38
  280    24     1
  281    45    82
  282    16    63
  283    92    76
  284     4    36
  285    56     5
  286    13     6
  287    49    64
  288    70    18
  289    36    62
  290    83     4
  291    56    19
  292    44    97
  293    67    49
  294    66    11
  295     7    36
  296    72    68
  297    40    11
  298    36    19
  299     2    11
  300    64    69
  301     9    97
  302    64    56
  303    41     7
  304    23     6
  305    69    48
  306     2    93
  307    44    64
  308    10    50
  309    42    53
  310    69    64
  311    57    63
  312    43     7
  313    71    51
  314    59    19
  315    33    47
  316    17    63
  317    58    58
  318   100    66
  319    39    27
  320    80    34
  321    23    91
  322    34    44
  323    98    45
  324    65    27
  325    56    42
  326    82    60
  327    83    63
  328    44    48
  329    18    95
  330    33     2
  331    32    89
  332    81    96
  333    73    38
  334    19    89
  335    46    11
  336    35    36
  337    48     8
  338     8     8
  339    47    21
  340    87    21
  341    12    50
  342    65    47
  343    52    99
  344    37     5
  345     6     5
  346    38    60
  347    44    93
  348    32    11
  349    97    46
  350    23     4
  351    10     9
  352    98    89
  353    39    89
  354    46    49
  355     3    49
  356    18    10
  357    80    56
  358    31    72
  359    89    96
  360    80    43
  361    21    15
  362    91    62
  363    88    98
  364    60    67
  365    82    27
  366    16   100
  367    80    34
  368     6     9
  369    76    96
  370    90    96
  371    41    29
  372     7    83
  373    71     1
  374    11    87
  375    13     5
  376     6    98
  377    12    24
  378    35    19
  379    33    57
  380    63    66
  381    68    28
  382    40    84
  383    84    13
  384    83   100
  385     7    88
  386    43    12
  387    90    84
  388    37    27
  389    25    63
  390    17     5
  391     9    76
  392    15     2
  393   100    64
  394    59    95
  395    11    25
  396    70    70
  397    27     1
  398    37     1
  399    45    15
  400    21    30
  401     7    97
  402    14    54
  403    41    15
  404     6    88
  405    94    83
  406    61    41
  407    21    31
  408    34    39
  409    83    83
  410    13     3
  411    89    80
  412    21   100
  413    51    94
  414    70    10
  415    68    68
  416    47    35
  417    10    16
  418    30     1
  419    83    45
  420    72    81
  421    74     2
  422    36    40
  423    15    22
  424    40    17
  425     2    13
  426    55    30
  427    31     7
  428    52    25
  429    88    71
  430    55    95
  431    72    88
  432    14    79
  433    95    35
  434    99    58
  435    91    92
  436    24    54
  437    41    31
  438    33    45
  439    78    75
  440    25    60
  441    58    39
  442    76    57
  443    10    81
  444    46    35
  445    74    40
  446     5    97
  447    22    30
  448    66    78
  449    26    32
  450    97    96
  451    81    46
  452    90    78
  453    75    34
  454    48    32
  455    72    71
  456     5    87
  457    65    44
  458    81    55
  459    54    44
  460    44    55
  461    69    94
  462    95    27
  463    45    70
  464    15    75
  465    59    77
  466    77    43
  467    31    59
  468    53     7
  469    53     7
  470    34    86
  471    21    61
  472    28    36
  473    53    91
  474    69    69
  475    50    69
  476    26     8
  477    73   100
  478    65     1
  479    46    22
  480    37    36
  481    86    44
  482    42    12
  483    27     8
  484    31    95
  485    57    18
  486    62    54
  487    43    31
  488    85    25
  489    28    62
  490    64    86
  491    50    20
  492    28    68
  493    91    86
  494    28    88
  495    32    32
  496    59    91
  497    63    72
  498    36    78
  499    33    57
  500    74    39
16256
