500
    1    74    81
    2    38    42
    3    65    56
    4    28    25
    5    20    14
    6    68    63
    7    73    75
    8    31    41
    9    26    19
   10    15    12
   11    28    25
   12    39    37
   13    19    10
   14    89    86
   15     1     6
   16    39    46
   17    14     7
   18    11    18
   19    89    79
   20    11     8
   21    41    51
   22    62    53
   23    42    38
   24   102   100
   25    80    82
   26    73    70
   27    17    24
   28    61    57
   29    17    15
   30    97    97
   31    12    19
   32    85    77
   33    79    85
   34    42    35
   35     9     6
   36    22    15
   37   107    98
   38    17    14
   39    12     2
   40    79    80
   41    55    53
   42    72    63
   43    45    48
   44    54    59
   45    32    25
   46    58    56
   47    70    71
   48    24    15
   49    76    81
   50     1     2
   51    75    68
   52    25    34
   53    51    47
   54    75    82
   55    39    46
   56    24    21
   57    85    79
   58    73    80
   59    10     6
   60    63    68
   61     1    10
   62    75    84
   63    84    77
   64    17    24
   65    41    33
   66    10    18
   67    68    58
   68    97   100
   69    23    14
   70    59    55
   71    79    75
   72    82    79
   73     1     4
   74     7     1
   75    20    13
   76    33    42
   77    58    48
   78    55    45
   79    23    18
   80    79    84
   81    49    39
   82     8     3
   83    34    36
   84    82    91
   85    75    79
   86     6    15
   87    80    81
   88     1     6
   89    91    96
   90    56    65
   91     1     2
   92   100    90
   93    49    42
   94    58    57
   95   106    98
   96    76    71
   97    53    59
   98    58    54
   99    55    50
  100    80    90
  101    69    79
  102    40    50
  103    76    80
  104    96    90
  105    72    63
  106    28    20
  107    95    97
  108    89    88
  109     1     4
  110    36    35
  111    20    16
  112    14     9
  113    25    23
  114    17    27
  115     2     3
  116    29    28
  117    63    69
  118    34    43
  119    65    63
  120     4     6
  121    42    45
  122    12    10
  123    67    57
  124     9    12
  125    90    99
  126    91    88
  127    28    33
  128    16    25
  129    38    28
  130     9    17
  131    72    63
  132    82    75
  133    66    56
  134    79    86
  135    82    82
  136    66    60
  137    76    83
  138     5     4
  139    84    75
  140    52    46
  141    70    61
  142     1     2
  143    34    41
  144    85    93
  145    48    47
  146    65    72
  147    75    76
  148    47    57
  149     5    10
  150    18     8
  151    31    31
  152    38    46
  153    48    51
  154    27    18
  155    28    19
  156     1     2
  157    77    80
  158    99    89
  159    60    59
  160    79    87
  161     1     3
  162    26    32
  163     3     8
  164    31    35
  165    38    31
  166    78    76
  167    91    84
  168    14    17
  169     2     3
  170    72    67
  171    42    52
  172    91    91
  173    36    42
  174    53    47
  175   101    96
  176    40    36
  177    97   100
  178   100    91
  179    21    16
  180    53    61
  181    84    93
  182   101    98
  183    31    34
  184    13     6
  185     1     6
  186    46    47
  187    42    40
  188    90    99
  189    71    81
  190     3     7
  191    14    16
  192    67    64
  193    51    42
  194    88    78
  195    78    83
  196    74    83
  197    27    25
  198    38    39
  199    73    64
  200    48    47
  201    30    28
  202    54    54
  203    13    16
  204    93    96
  205    71    68
  206    76    82
  207    35    26
  208    65    71
  209    46    37
  210     6     3
  211    28    34
  212    36    33
  213   101    92
  214    29    22
  215    83    91
  216    50    45
  217    27    18
  218    21    17
  219    45    39
  220    95    88
  221   109    99
  222    40    30
  223    16    11
  224    82    77
  225    22    29
  226    37    37
  227    25    25
  228    52    47
  229     3     1
  230    91    84
  231    69    59
  232    12     8
  233    86    82
  234    58    68
  235    87    79
  236     1     1
  237    47    43
  238    34    27
  239    52    54
  240    21    30
  241     2     3
  242    60    61
  243    93    91
  244    48    53
  245    86    92
  246    86    84
  247    39    47
  248    45    51
  249    61    62
  250    59    50
  251    73    64
  252    22    28
  253    44    46
  254    75    71
  255    20    21
  256    32    42
  257    67    66
  258   100    98
  259    31    41
  260     1     2
  261    42    37
  262    13    15
  263    84    84
  264    41    48
  265    93    89
  266    15    19
  267    33    32
  268    49    41
  269    16     6
  270    93    97
  271    24    33
  272    54    45
  273    33    33
  274    71    76
  275    56    47
  276     9     8
  277    65    68
  278    31    36
  279    16    26
  280    35    38
  281    71    66
  282    79    88
  283    44    41
  284     1     4
  285    85    78
  286    19    18
  287    45    41
  288    25    18
  289    65    70
  290    66    76
  291    34    44
  292    40    33
  293    83    78
  294    19    19
  295    32    24
  296    41    40
  297   100    96
  298    54    60
  299    12     7
  300    78    81
  301    94    98
  302     4     8
  303    43    35
  304    66    63
  305    80    73
  306     1     1
  307    75    85
  308    64    59
  309    45    45
  310    71    77
  311    23    23
  312    92    84
  313    30    32
  314    48    55
  315    68    63
  316    50    60
  317    39    46
  318    83    75
  319    99    96
  320    83    90
  321    88    84
  322    26    24
  323    11     1
  324    11     8
  325   102    99
  326    70    69
  327    51    51
  328    14    24
  329    13    15
  330    43    34
  331    17    17
  332    75    69
  333    30    30
  334    92    82
  335    64    59
  336    82    77
  337    57    48
  338    38    40
  339    58    50
  340    83    85
  341    64    71
  342    57    64
  343    91    95
  344    24    18
  345    28    26
  346    19    16
  347    26    29
  348    53    55
  349    75    67
  350     7     1
  351    92    86
  352    64    62
  353    62    58
  354    84    86
  355     6     2
  356    15    18
  357    20    13
  358    39    33
  359    77    72
  360    14    20
  361    80    71
  362    34    26
  363    55    54
  364    85    92
  365    38    31
  366    60    69
  367    36    38
  368    23    14
  369    36    29
  370    62    68
  371    33    37
  372     1     3
  373    83    85
  374    22    20
  375    20    22
  376     6     3
  377    83    92
  378    22    31
  379    10     5
  380    57    50
  381    48    56
  382    77    69
  383    71    74
  384    45    37
  385    47    49
  386     2     5
  387    33    29
  388    64    68
  389    40    31
  390    46    46
  391    47    44
  392    51    51
  393    90    80
  394    81    72
  395     2     6
  396     5     3
  397     1     1
  398   101    97
  399    40    48
  400    54    47
  401    22    30
  402    22    15
  403    58    67
  404    20    17
  405    33    40
  406    92    86
  407     8    15
  408    45    40
  409    68    68
  410    77    80
  411    90   100
  412    92    97
  413    16    26
  414    24    34
  415    40    37
  416    14     4
  417    91    92
  418    24    30
  419    12    14
  420    54    49
  421    67    67
  422    26    36
  423    16     7
  424    67    65
  425    48    38
  426    56    59
  427     9     8
  428    61    57
  429    59    60
  430    35    31
  431    42    48
  432    64    55
  433   105    99
  434    54    50
  435    57    48
  436    69    78
  437    44    43
  438    68    77
  439    50    43
  440    18    28
  441    20    27
  442    84    86
  443    28    33
  444    79    79
  445    56    65
  446    47    53
  447     9     2
  448    85    86
  449    60    52
  450    93    96
  451     9     6
  452    54    59
  453    34    34
  454    11     9
  455    74    64
  456    33    24
  457    35    40
  458    82    76
  459     3    13
  460    95    91
  461    59    67
  462    25    31
  463    17     7
  464     1     4
  465    84    86
  466    33    39
  467    60    56
  468    72    79
  469    78    72
  470    95    95
  471    97    90
  472    33    32
  473    88    92
  474    45    49
  475    39    41
  476    41    33
  477   109   100
  478    53    50
  479    96    94
  480    79    72
  481    64    73
  482    67    60
  483    55    49
  484    41    51
  485    42    43
  486    37    35
  487    88    88
  488    95    86
  489    66    71
  490     1     6
  491    98   100
  492    55    57
  493     2     2
  494    12     5
  495    32    36
  496    88    84
  497    46    45
  498    98    90
  499    17    22
  500    43    44
4072
