500
    1   256   655
    2   892   896
    3   386   346
    4   282   927
    5    67   508
    6   591   165
    7    19   981
    8   665    95
    9   112   893
   10   192   822
   11   241   995
   12     9   679
   13   141   596
   14  1000   256
   15   841   228
   16   394   528
   17    24   645
   18   984   188
   19   732   961
   20   839   890
   21   139   277
   22   485    11
   23   142   156
   24   558   514
   25   835   956
   26   652   636
   27   290   978
   28   405   795
   29   636   805
   30   470   587
   31   935    33
   32   678     7
   33   454   707
   34   845   289
   35   957   300
   36   811   237
   37   915   212
   38   701   280
   39   160   156
   40   705   106
   41    78   151
   42   379   277
   43   371   190
   44    89   273
   45   820   239
   46   961   558
   47   566   609
   48   106    29
   49   678   119
   50   151   252
   51   473   206
   52   184   412
   53   341   493
   54   443   624
   55   606   520
   56   480    75
   57   468   489
   58   346   742
   59   594   644
   60    57   958
   61   274   492
   62   820   278
   63   123   399
   64   187   486
   65   972    51
   66   955   472
   67   467   164
   68   723   850
   69   814   860
   70   651   333
   71   939   845
   72   813   409
   73   315   598
   74   363    11
   75   712   903
   76   288   412
   77   128    26
   78   259   591
   79   954    32
   80   837   782
   81   829   253
   82   460   745
   83   719   930
   84   392   941
   85    35   533
   86   218   685
   87   940   319
   88   909   816
   89   222   730
   90   636   111
   91   900   332
   92   955    48
   93    67   348
   94   682   971
   95   366   120
   96   860   233
   97    59   905
   98   534   452
   99   890   844
  100   906   144
  101   990   997
  102   891    36
  103   740   938
  104   243   516
  105   113   849
  106   657   302
  107   224   687
  108    46   854
  109   400   150
  110   662   801
  111   747   674
  112   148   659
  113   931   945
  114   365    37
  115   616   589
  116    79    62
  117   717   871
  118   739   429
  119   112   609
  120   909   352
  121   295   599
  122   404   756
  123   448   995
  124   101   906
  125   177   773
  126   466   714
  127   622   923
  128   376   543
  129   985   306
  130   486   535
  131   900   145
  132   601   981
  133   698   358
  134   860   868
  135   891   936
  136   829   618
  137   902   649
  138   603   414
  139   553   117
  140   411   704
  141    84   251
  142   994   724
  143   107   887
  144   941   427
  145   874     1
  146   940    46
  147   931   510
  148   429   183
  149   834   696
  150    60   398
  151   394   173
  152   792   764
  153   401    81
  154   241   872
  155   558   281
  156   582   348
  157   747   550
  158   443   947
  159   973   945
  160   239   841
  161   720   209
  162   803   166
  163   384   790
  164   855   985
  165   450   673
  166   799   886
  167    65   770
  168   938   387
  169   572   997
  170   299   293
  171   924   194
  172   352   225
  173   436   824
  174   664   633
  175   201   254
  176   994   494
  177   705   174
  178   920   701
  179   576   654
  180    58   591
  181    69   499
  182   559   448
  183   531   596
  184   119   580
  185   363   344
  186   875   817
  187    31   558
  188    46   885
  189    97   375
  190    21   525
  191   274   922
  192   377   286
  193   271    84
  194   934   188
  195   558   745
  196   603   797
  197   582   683
  198   466   433
  199   428   550
  200    26   257
  201   842    46
  202   687   368
  203   690   254
  204   596   698
  205   616   510
  206   646    16
  207   989   480
  208   657   205
  209   368   775
  210   121   921
  211   279   652
  212   575   687
  213   427   878
  214   987   804
  215   585   485
  216   296   567
  217   277   764
  218   467   967
  219   385   329
  220   621   398
  221   595   633
  222   336  1000
  223   477   957
  224   366   831
  225   278   667
  226   421   767
  227   950   451
  228   743   617
  229   918   671
  230   142   574
  231   390   885
  232   509   538
  233   944   740
  234   257   746
  235   649   241
  236   318   811
  237   768   269
  238   454   441
  239   951    52
  240   700    72
  241    47   853
  242   647   107
  243   616   953
  244   930   919
  245   173   362
  246   464   706
  247   174   305
  248   709    77
  249    39   268
  250   319    20
  251   646   626
  252   243    54
  253   122   316
  254   148   957
  255   854   331
  256   215   788
  257   869   480
  258   186   232
  259    40    43
  260   626    76
  261   107   171
  262   108   981
  263   717   238
  264   915    62
  265   686   615
  266   320   881
  267   435   746
  268   704   867
  269   349   100
  270   287   419
  271     7    43
  272    66   447
  273    54   415
  274   738     2
  275   819   901
  276   501   182
  277   764   534
  278   398    34
  279   937   272
  280   964   984
  281   585   984
  282   697   830
  283   189   955
  284   657   582
  285   604   312
  286   994   140
  287    70   467
  288   970   812
  289   557   928
  290   844   982
  291   452   650
  292   933   751
  293   603   312
  294   355    13
  295   611   498
  296    44   510
  297   916   414
  298   772   870
  299   415     9
  300   929   731
  301   781   164
  302   393   702
  303   758   933
  304   795   993
  305   661    71
  306   107   895
  307   472   783
  308   750   581
  309   702   363
  310   637   155
  311   154   337
  312   431   582
  313   332   122
  314   919   173
  315   398   569
  316   309   198
  317   795   356
  318   488   133
  319   659   638
  320    65   712
  321   652   302
  322   371   114
  323   819   495
  324   734   234
  325   920   757
  326   458   119
  327   727   769
  328   489   386
  329   955   121
  330   981    24
  331     5   943
  332    97   875
  333   282   340
  334   452   492
  335   298   425
  336   495   351
  337    61   994
  338   640   994
  339   880   240
  340   279   499
  341   773   777
  342    30   614
  343   849   541
  344   573   504
  345   326   296
  346   387   874
  347   737   783
  348    89   293
  349    94   273
  350   456   703
  351   695   420
  352   859   760
  353    75   608
  354   103   604
  355   860   460
  356   990     4
  357   169   771
  358   187   291
  359   641   106
  360   832   818
  361   281   865
  362   796    40
  363   445   212
  364   704    90
  365   587   325
  366   488   411
  367   493   432
  368   231    16
  369    76   555
  370   451   938
  371   634   831
  372   839   945
  373   624   975
  374   351   810
  375   382   564
  376   902   997
  377   313   298
  378   844   317
  379   958    43
  380   388     4
  381   501   718
  382   385   251
  383   640   852
  384   360    27
  385   667    63
  386   648   651
  387   150   375
  388   358   686
  389   662   745
  390   557   200
  391   402   950
  392   779   717
  393   288   558
  394   607   142
  395   743   432
  396   695   529
  397   584   431
  398   653   963
  399   270   538
  400   297   389
  401   180    48
  402   450   137
  403   349   189
  404   230   551
  405   831   198
  406   434    88
  407   777   205
  408    27    78
  409   491   658
  410   706   278
  411   197    70
  412   173   843
  413   696   244
  414   603   104
  415   944   679
  416   504   618
  417   403   290
  418   126  1000
  419    91   456
  420   628   199
  421   183   217
  422   736   910
  423   840   933
  424   297   803
  425   815   280
  426   184   849
  427   388   874
  428   228   983
  429   649   314
  430   516   885
  431   396   134
  432   447   661
  433   900   921
  434   975   588
  435   123   314
  436    52   676
  437   178   701
  438   885   567
  439   442   113
  440   530   306
  441   878   773
  442   501   356
  443   743    63
  444   118   617
  445   391    27
  446   382   439
  447   886   836
  448    59   644
  449   475   258
  450    74   490
  451   682   656
  452   274   985
  453   436   536
  454   789   271
  455   860   510
  456   690   870
  457   942   942
  458   501   474
  459   514   547
  460   793   109
  461    38   965
  462   820   425
  463   689   325
  464   488   602
  465   532   280
  466   433   941
  467   283    94
  468   450   185
  469   817   686
  470    74    89
  471   226   424
  472   388   178
  473   657   150
  474   333   375
  475   466   847
  476   831   103
  477   826   530
  478   362   816
  479   274    28
  480   545   890
  481    11   943
  482    98   298
  483    51   431
  484   911   337
  485    61   641
  486   410    25
  487   487   882
  488   534   908
  489    53   521
  490   928   384
  491   443   698
  492    12   739
  493   983   344
  494   844   119
  495   317   366
  496   803   122
  497   916   507
  498   288    76
  499   597   336
  500   606   102
209570
