500
    1   197   155
    2   397   396
    3   379   346
    4   402   427
    5     1     8
    6   191   165
    7   475   481
    8   136    95
    9   354   393
   10   361   322
   11   543   495
   12   221   179
   13    82    96
   14   230   256
   15   254   228
   16    59    28
   17   103   145
   18   157   188
   19   456   461
   20   437   390
   21   311   277
   22     1    11
   23   199   156
   24     1    14
   25   477   456
   26    91   136
   27   465   478
   28   247   295
   29   321   305
   30    99    87
   31    61    33
   32     5     7
   33   241   207
   34   287   289
   35   322   300
   36   278   237
   37   190   212
   38   322   280
   39   121   156
   40   116   106
   41   144   151
   42   227   277
   43   232   190
   44   319   273
   45   274   239
   46    19    58
   47    62   109
   48    64    29
   49   120   119
   50   263   252
   51   162   206
   52   407   412
   53   537   493
   54   171   124
   55     2    20
   56    75    75
   57   455   489
   58   202   242
   59   113   144
   60   503   458
   61   494   492
   62   319   278
   63   403   399
   64   442   486
   65    99    51
   66   424   472
   67   130   164
   68   344   350
   69   327   360
   70   378   333
   71   348   345
   72   427   409
   73   140    98
   74    42    11
   75   397   403
   76   452   412
   77    36    26
   78   128    91
   79    68    32
   80   331   282
   81   272   253
   82   210   245
   83   395   430
   84   476   441
   85    11    33
   86   170   185
   87   338   319
   88   340   316
   89   203   230
   90   117   111
   91   368   332
   92    98    48
   93   346   348
   94   470   471
   95   126   120
   96   262   233
   97   390   405
   98   450   452
   99   325   344
  100   131   144
  101   472   497
  102    57    36
  103   445   438
  104     2    16
  105   396   349
  106   351   302
  107   189   187
  108   390   354
  109   179   150
  110   326   301
  111   170   174
  112   172   159
  113   420   445
  114     1    37
  115   134    89
  116    23    62
  117   392   371
  118   393   429
  119   124   109
  120   370   352
  121    67    99
  122   239   256
  123   518   495
  124   418   406
  125   228   273
  126   215   214
  127   383   423
  128    32    43
  129   275   306
  130    41    35
  131   179   145
  132   444   481
  133   380   358
  134   371   368
  135   419   436
  136   106   118
  137   130   149
  138   402   414
  139    73   117
  140   179   204
  141   230   251
  142   257   224
  143   402   387
  144   467   427
  145    37     1
  146    73    46
  147     1    10
  148   225   183
  149   162   196
  150   391   398
  151   162   173
  152   302   264
  153    91    81
  154   339   372
  155   291   281
  156   352   348
  157    67    50
  158   474   447
  159   403   445
  160   293   341
  161   236   209
  162   153   166
  163   290   290
  164   455   485
  165   206   173
  166   424   386
  167   280   270
  168   393   387
  169   472   497
  170   280   293
  171   242   194
  172   260   225
  173   355   324
  174    87   133
  175   243   254
  176   478   494
  177   170   174
  178   166   201
  179   151   154
  180   134    91
  181   458   499
  182   476   448
  183   138    96
  184    87    80
  185   352   344
  186   330   317
  187    29    58
  188   352   385
  189   395   375
  190    43    25
  191   387   422
  192   286   286
  193    49    84
  194   163   188
  195   255   245
  196   346   297
  197   167   183
  198   440   433
  199    73    50
  200   212   257
  201    34    46
  202   374   368
  203   279   254
  204   193   198
  205     1    10
  206     1    16
  207   470   480
  208   238   205
  209   272   275
  210   398   421
  211   111   152
  212   198   187
  213   425   378
  214   279   304
  215   474   485
  216    75    67
  217   223   264
  218   425   467
  219   324   329
  220   404   398
  221    97   133
  222   451   500
  223   489   457
  224   330   331
  225   204   167
  226   305   267
  227   454   451
  228   159   117
  229   122   171
  230    36    74
  231   352   385
  232    68    38
  233   199   240
  234   220   246
  235   241   241
  236   267   311
  237   226   269
  238   408   441
  239    30    52
  240    49    72
  241   393   353
  242   102   107
  243   495   453
  244   448   419
  245   369   362
  246   198   206
  247   307   305
  248    94    77
  249   313   268
  250    54    20
  251   156   126
  252    37    54
  253   322   316
  254   503   457
  255   315   331
  256   323   288
  257   478   480
  258   221   232
  259    37    43
  260    32    76
  261   205   171
  262   468   481
  263   245   238
  264    57    62
  265   133   115
  266   426   381
  267   214   246
  268   396   367
  269    76   100
  270   416   419
  271    79    43
  272   473   447
  273   434   415
  274     5     2
  275   439   401
  276   198   182
  277     1    34
  278    16    34
  279   243   272
  280   481   484
  281   531   484
  282   364   330
  283   499   455
  284    95    82
  285   335   312
  286   186   140
  287   490   467
  288   315   312
  289   400   428
  290   528   482
  291   184   150
  292   254   251
  293   293   312
  294    11    13
  295   537   498
  296     1    10
  297   395   414
  298   409   370
  299     1     9
  300   226   231
  301   208   164
  302   206   202
  303   448   433
  304   488   493
  305    93    71
  306   369   395
  307   295   283
  308    53    81
  309   411   363
  310   186   155
  311   352   337
  312   121    82
  313   139   122
  314   166   173
  315    48    69
  316   152   198
  317   319   356
  318    91   133
  319   161   138
  320   218   212
  321   252   302
  322   154   114
  323   466   495
  324   277   234
  325   252   257
  326    80   119
  327   274   269
  328   355   386
  329    84   121
  330     1    24
  331   427   443
  332   416   375
  333   384   340
  334   506   492
  335   414   425
  336   328   351
  337   486   494
  338   461   494
  339   193   240
  340   463   499
  341   256   277
  342   133   114
  343    83    41
  344    10     4
  345   307   296
  346   375   374
  347   332   283
  348   279   293
  349   302   273
  350   221   203
  351   426   420
  352   299   260
  353   131   108
  354   150   104
  355   488   460
  356     9     4
  357   278   271
  358   297   291
  359   110   106
  360   357   318
  361   360   365
  362    29    40
  363   187   212
  364    63    90
  365   336   325
  366   373   411
  367   388   432
  368     1    16
  369    59    55
  370   393   438
  371   373   331
  372   452   445
  373   464   475
  374   280   310
  375   102    64
  376   536   497
  377   259   298
  378   356   317
  379     2    43
  380     7     4
  381   262   218
  382   254   251
  383   366   352
  384    28    27
  385    89    63
  386   122   151
  387   406   375
  388   201   186
  389   283   245
  390   241   200
  391   476   450
  392   207   217
  393    95    58
  394   163   142
  395   392   432
  396     1    29
  397   436   431
  398   484   463
  399    42    38
  400   344   389
  401     1    48
  402   102   137
  403   139   189
  404    80    51
  405   229   198
  406    96    88
  407   218   205
  408    37    78
  409   163   158
  410   328   278
  411   119    70
  412   298   343
  413   247   244
  414    98   104
  415   206   179
  416   148   118
  417   314   290
  418   547   500
  419   413   456
  420   235   199
  421   213   217
  422   365   410
  423   472   433
  424   329   303
  425   318   280
  426   299   349
  427   371   374
  428   457   483
  429   325   314
  430   388   385
  431    91   134
  432   162   161
  433   425   421
  434   109    88
  435   274   314
  436   128   176
  437   153   201
  438    36    67
  439   119   113
  440   258   306
  441   262   273
  442   321   356
  443    77    63
  444   101   117
  445    52    27
  446   451   439
  447   330   336
  448   172   144
  449   248   258
  450   451   490
  451   175   156
  452   457   485
  453    67    36
  454   228   271
  455     1    10
  456   394   370
  457   410   442
  458   451   474
  459    84    47
  460    82   109
  461   454   465
  462   466   425
  463   332   325
  464    73   102
  465   267   280
  466   489   441
  467    83    94
  468   189   185
  469   206   186
  470    49    89
  471   411   424
  472   185   178
  473   131   150
  474   340   375
  475   376   347
  476    91   103
  477     5    30
  478   333   316
  479    33    28
  480   438   390
  481   492   443
  482   274   298
  483   422   431
  484   317   337
  485   122   141
  486     1    25
  487   394   382
  488   437   408
  489    70    21
  490   413   384
  491   197   198
  492   215   239
  493   318   344
  494   127   119
  495   379   366
  496   131   122
  497    47     7
  498    57    76
  499   323   336
  500    93   102
104570
