500
    1    47    50
    2    27    26
    3    22    26
    4    27    29
    5    15    14
    6    19    18
    7     1     1
    8    28    30
    9    48    43
   10    21    16
   11    27    22
   12    51    47
   13    14    10
   14    32    32
   15    28    33
   16    14    19
   17    39    43
   18    11    12
   19     1     1
   20    22    24
   21     5     7
   22    21    20
   23    46    46
   24    27    25
   25     4     1
   26    38    42
   27     3     8
   28    33    38
   29    42    38
   30    24    25
   31    47    50
   32    10     6
   33    16    16
   34    24    25
   35     1     4
   36    41    41
   37    27    22
   38    32    31
   39    41    44
   40    35    39
   41    23    27
   42    38    38
   43     5     6
   44    45    40
   45     1     3
   46    12     9
   47     5     2
   48    41    40
   49    19    19
   50    16    12
   51     1     3
   52    24    24
   53    26    31
   54    47    44
   55    11    13
   56    11    10
   57    32    33
   58    23    19
   59    36    38
   60    32    36
   61    33    29
   62    37    33
   63    10     6
   64    23    21
   65    45    42
   66     9     6
   67    41    39
   68    16    15
   69     1     4
   70     2     2
   71    23    18
   72    15    14
   73    47    50
   74     6     3
   75    41    36
   76    30    35
   77    42    37
   78    34    31
   79    49    47
   80    17    13
   81    14    16
   82     9    14
   83    39    39
   84     6     6
   85    25    22
   86     3     6
   87     8    12
   88     5    10
   89     1     2
   90     1     1
   91    38    37
   92     6     7
   93    19    17
   94    42    40
   95    29    30
   96    10     9
   97    39    39
   98    26    27
   99    51    50
  100    21    24
  101    32    31
  102    49    44
  103    40    44
  104    49    46
  105    14     9
  106    35    38
  107    13    13
  108     4     5
  109    41    43
  110     5     3
  111    39    35
  112    12    17
  113    54    49
  114    31    31
  115    49    47
  116    42    39
  117    14    15
  118    40    45
  119    54    49
  120    46    47
  121    39    38
  122    46    49
  123    44    42
  124     7     7
  125    11    11
  126    46    41
  127     8    10
  128    29    24
  129    24    19
  130    20    15
  131    34    34
  132    53    49
  133    10    11
  134     5     6
  135    12    15
  136    17    18
  137    42    47
  138     2     7
  139    37    34
  140     1     4
  141    27    29
  142    35    31
  143    28    25
  144    44    47
  145    33    35
  146    35    40
  147    31    34
  148    14    19
  149    11    11
  150    31    30
  151    46    45
  152    50    49
  153    41    36
  154    16    12
  155     7    12
  156    38    36
  157    21    24
  158     5     3
  159    10     6
  160    34    31
  161    26    27
  162    41    41
  163    26    28
  164    49    46
  165    41    39
  166    31    28
  167    28    27
  168     3     8
  169    47    50
  170    27    29
  171    11    15
  172    41    46
  173     7     9
  174    40    42
  175    18    13
  176     8     5
  177    27    22
  178    38    43
  179     1     2
  180    42    40
  181    13    17
  182    13     9
  183    28    28
  184    29    24
  185    36    39
  186    42    41
  187    38    42
  188    50    47
  189    29    30
  190     8     9
  191    44    48
  192    48    45
  193     1     2
  194    29    28
  195    16    21
  196    12     8
  197    36    36
  198    39    34
  199     6     9
  200    45    45
  201    32    29
  202    31    33
  203     1     1
  204    45    49
  205    25    25
  206    42    47
  207    12    16
  208    28    26
  209    19    21
  210     6     9
  211    39    38
  212    30    28
  213    44    43
  214    50    47
  215    41    36
  216    22    23
  217     6     2
  218    35    32
  219     8     7
  220    37    34
  221     7     8
  222    27    23
  223    49    47
  224    12    12
  225    15    18
  226    21    22
  227    34    31
  228    36    37
  229    45    43
  230    10     9
  231    14    11
  232    37    42
  233    44    45
  234     9    12
  235    19    21
  236     6     2
  237     2     1
  238     6     7
  239    24    29
  240    35    37
  241    14    17
  242    50    49
  243    38    33
  244    12    17
  245    31    30
  246     8    13
  247    17    14
  248    13     8
  249    41    44
  250    46    48
  251     1     1
  252    35    33
  253    41    41
  254    15    16
  255    22    25
  256    30    31
  257    37    42
  258     4     4
  259    45    41
  260    18    21
  261    51    47
  262    32    35
  263    24    29
  264    23    27
  265    43    45
  266     9    10
  267    10     6
  268    42    46
  269     1     3
  270    26    29
  271    33    38
  272    46    43
  273     1     2
  274    35    35
  275    34    37
  276    32    28
  277    35    37
  278    16    12
  279    15    11
  280    15    20
  281    16    19
  282    46    46
  283    14    19
  284     3     1
  285    38    34
  286     1     3
  287     5     1
  288    17    21
  289    42    37
  290    10     5
  291    27    24
  292    35    38
  293    27    32
  294    11    14
  295    49    45
  296    28    33
  297    49    48
  298     6    10
  299     8     6
  300    41    44
  301     9    14
  302    18    13
  303    13    12
  304    52    49
  305    50    45
  306    48    46
  307    16    11
  308    44    39
  309    48    48
  310    30    25
  311    45    48
  312    13     8
  313     2     2
  314    15    10
  315    41    44
  316    40    44
  317    40    45
  318    42    41
  319     5     6
  320    29    27
  321    35    36
  322    49    45
  323    46    44
  324    15    14
  325    16    13
  326    33    35
  327     9     8
  328    18    13
  329    37    42
  330    10     7
  331    18    22
  332    47    47
  333    30    33
  334    39    34
  335    28    24
  336    40    41
  337    35    35
  338    33    35
  339    19    18
  340    12    14
  341    51    47
  342    17    22
  343    34    30
  344    11    16
  345    29    24
  346    33    31
  347    16    12
  348    36    38
  349    43    43
  350    46    49
  351    46    46
  352    42    40
  353    21    18
  354    35    40
  355    25    20
  356    13    13
  357    32    27
  358    38    43
  359    36    33
  360    43    44
  361    27    22
  362     3     5
  363    20    19
  364    12    14
  365    28    30
  366    25    29
  367    42    37
  368    15    12
  369    42    37
  370    11    11
  371    33    32
  372    18    16
  373     5    10
  374    44    42
  375    26    30
  376     1     1
  377    18    17
  378    29    30
  379    47    42
  380    37    39
  381    49    47
  382    45    43
  383    23    20
  384     1     5
  385    34    31
  386    31    35
  387    13    11
  388    23    18
  389     9     6
  390    31    32
  391    14    19
  392    18    15
  393    23    25
  394     7    10
  395    11    12
  396    12    11
  397    28    32
  398    11    10
  399    22    20
  400     7     5
  401    27    30
  402    51    47
  403    47    50
  404    26    21
  405     3     4
  406    38    40
  407    28    32
  408    29    28
  409    43    42
  410     6     4
  411    37    41
  412    34    31
  413    30    35
  414    28    29
  415    52    47
  416    38    36
  417    15    17
  418    15    20
  419    27    24
  420    13    10
  421    33    31
  422     6     7
  423    12     9
  424    42    44
  425    51    46
  426    23    27
  427    24    24
  428    21    16
  429    40    44
  430    18    14
  431    42    45
  432    34    30
  433    27    28
  434    37    39
  435     8    13
  436     6     1
  437    11     6
  438    45    50
  439    44    40
  440    23    25
  441     8    12
  442    23    26
  443    17    16
  444    17    12
  445     4     1
  446     1     4
  447    12    17
  448    40    45
  449    27    29
  450    51    49
  451    18    17
  452    20    15
  453    42    37
  454    44    47
  455     3     2
  456    19    14
  457    35    39
  458     1     2
  459    19    23
  460    41    46
  461    44    45
  462    28    30
  463    15    11
  464    30    30
  465    30    30
  466    41    38
  467    36    40
  468     7     8
  469    52    50
  470    35    39
  471    45    44
  472    14    17
  473     6     8
  474     6     6
  475    19    20
  476    14    19
  477    39    39
  478    19    14
  479     1     1
  480    22    27
  481    18    13
  482    44    47
  483    24    21
  484     1     2
  485    17    15
  486     1     5
  487    42    38
  488    19    18
  489    30    29
  490    48    47
  491    22    21
  492    23    27
  493    11    11
  494    39    35
  495     8    13
  496    10    14
  497    38    37
  498    42    39
  499    47    50
  500    14    14
4322
