500
    1    47    55
    2   105    96
    3    51    46
    4    31    27
    5    12     8
    6    72    65
    7    86    81
    8    92    95
    9    87    93
   10    16    22
   11   103    95
   12    83    79
   13   106    96
   14    56    56
   15    24    28
   16    32    28
   17    37    45
   18    88    88
   19    55    61
   20    93    90
   21    72    77
   22     8    11
   23    46    56
   24    19    14
   25    48    56
   26    46    36
   27    86    78
   28   100    95
   29     1     5
   30    89    87
   31    37    33
   32    14     7
   33     1     7
   34    79    89
   35   108   100
   36    32    37
   37     4    12
   38    84    80
   39    55    56
   40     5     6
   41    52    51
   42    80    77
   43    97    90
   44    79    73
   45    41    39
   46    54    58
   47    10     9
   48    21    29
   49    12    19
   50    56    52
   51     3     6
   52    19    12
   53    84    93
   54    31    24
   55    28    20
   56    73    75
   57    83    89
   58    32    42
   59    38    44
   60    67    58
   61    99    92
   62    79    78
   63   108    99
   64    94    86
   65    56    51
   66    69    72
   67    57    64
   68    47    50
   69    59    60
   70    38    33
   71    54    45
   72    15     9
   73    95    98
   74     8    11
   75     1     3
   76     4    12
   77    18    26
   78    87    91
   79    42    32
   80    84    82
   81    57    53
   82    48    45
   83    35    30
   84    48    41
   85    28    33
   86    88    85
   87    12    19
   88    21    16
   89    28    30
   90     6    11
   91    23    32
   92    49    48
   93    50    48
   94    76    71
   95    24    20
   96    43    33
   97    13     5
   98    60    52
   99    34    44
  100    41    44
  101   103    97
  102    27    36
  103    41    38
  104     7    16
  105    47    49
  106    10     2
  107    97    87
  108    54    54
  109    40    50
  110     3     1
  111    65    74
  112    59    59
  113    51    45
  114    35    37
  115    91    89
  116    70    62
  117    73    71
  118    21    29
  119    15     9
  120    61    52
  121   107    99
  122    58    56
  123    96    95
  124    13     6
  125    64    73
  126     8    14
  127    25    23
  128    39    43
  129     1     6
  130    44    35
  131    36    45
  132    87    81
  133    61    58
  134    76    68
  135    43    36
  136    17    18
  137    52    49
  138    19    14
  139    22    17
  140     1     4
  141    50    51
  142    26    24
  143    95    87
  144    21    27
  145     7     1
  146    53    46
  147     6    10
  148    76    83
  149    93    96
  150    97    98
  151    68    73
  152    61    64
  153    71    81
  154    77    72
  155    75    81
  156    43    48
  157    52    50
  158    40    47
  159    51    45
  160    37    41
  161     3     9
  162    72    66
  163    96    90
  164    92    85
  165    74    73
  166    93    86
  167    63    70
  168    91    87
  169   107    97
  170    87    93
  171    88    94
  172    34    25
  173    20    24
  174    34    33
  175    57    54
  176    98    94
  177    72    74
  178     3     1
  179    46    54
  180    87    91
  181   109    99
  182    49    48
  183   101    96
  184    73    80
  185    42    44
  186    20    17
  187    51    58
  188    87    85
  189    81    75
  190    30    25
  191    13    22
  192    92    86
  193    81    84
  194    91    88
  195    54    45
  196    90    97
  197    73    83
  198    23    33
  199    44    50
  200    63    57
  201    55    46
  202    65    68
  203    49    54
  204   107    98
  205    10    10
  206    13    16
  207    74    80
  208    10     5
  209    66    75
  210    26    21
  211    61    52
  212    88    87
  213    75    78
  214     1     4
  215    92    85
  216    63    67
  217    65    64
  218    72    67
  219    32    29
  220    98    98
  221    36    33
  222    90   100
  223    59    57
  224    34    31
  225    58    67
  226    61    67
  227    42    51
  228    15    17
  229    67    71
  230    67    74
  231    77    85
  232    29    38
  233    47    40
  234    41    46
  235    36    41
  236     6    11
  237    72    69
  238    46    41
  239    61    52
  240    76    72
  241    43    53
  242     1     7
  243    62    53
  244    20    19
  245    67    62
  246     1     6
  247    13     5
  248    83    77
  249    60    68
  250    25    20
  251    28    26
  252    64    54
  253    24    16
  254    50    57
  255    32    31
  256    86    88
  257    81    80
  258    29    32
  259    34    43
  260    69    76
  261    62    71
  262    86    81
  263    30    38
  264    70    62
  265    23    15
  266    78    81
  267    54    46
  268    62    67
  269    99   100
  270    26    19
  271    50    43
  272    51    47
  273     7    15
  274     1     2
  275     1     1
  276    86    82
  277    29    34
  278    41    34
  279    65    72
  280    85    84
  281    90    84
  282    28    30
  283    48    55
  284    87    82
  285     2    12
  286    30    40
  287    60    67
  288    20    12
  289    36    28
  290    83    82
  291    47    50
  292    56    51
  293    21    12
  294    22    13
  295   104    98
  296    13    10
  297     5    14
  298    77    70
  299    11     9
  300    40    31
  301    73    64
  302     1     2
  303    23    33
  304    95    93
  305    64    71
  306   101    95
  307    82    83
  308    75    81
  309    58    63
  310    56    55
  311    39    37
  312    92    82
  313    20    22
  314    68    73
  315    79    69
  316    92    98
  317    62    56
  318    35    33
  319    46    38
  320    12    12
  321     1     2
  322    11    14
  323    93    95
  324    26    34
  325    52    57
  326    16    19
  327    67    69
  328    89    86
  329    30    21
  330    22    24
  331    49    43
  332    78    75
  333    40    40
  334   102    92
  335    21    25
  336    51    51
  337    94    94
  338    93    94
  339    42    40
  340   108    99
  341    81    77
  342    15    14
  343    43    41
  344     7     4
  345    91    96
  346    66    74
  347    74    83
  348    91    93
  349    83    73
  350    13     3
  351    28    20
  352    70    60
  353    16     8
  354     1     4
  355    61    60
  356     4     4
  357    80    71
  358   101    91
  359    13     6
  360    25    18
  361    69    65
  362    33    40
  363     6    12
  364    83    90
  365    31    25
  366     4    11
  367    25    32
  368    24    16
  369    46    55
  370    43    38
  371    26    31
  372    50    45
  373    79    75
  374     7    10
  375    74    64
  376    95    97
  377   105    98
  378     7    17
  379    34    43
  380     1     4
  381    22    18
  382    50    51
  383    53    52
  384    18    27
  385    67    63
  386    60    51
  387    70    75
  388    77    86
  389    41    45
  390   106   100
  391    58    50
  392     8    17
  393    65    58
  394    36    42
  395    41    32
  396    37    29
  397    23    31
  398    66    63
  399    45    38
  400    81    89
  401    58    48
  402    29    37
  403    89    89
  404    50    51
  405    95    98
  406    83    88
  407     1     5
  408    68    78
  409    49    58
  410    75    78
  411    76    70
  412    40    43
  413    34    44
  414     1     4
  415    72    79
  416    14    18
  417    94    90
  418   104   100
  419    46    56
  420   101    99
  421    22    17
  422    17    10
  423    34    33
  424     1     3
  425    86    80
  426    48    49
  427    79    74
  428    77    83
  429     9    14
  430    90    85
  431    36    34
  432    71    61
  433    25    21
  434    79    88
  435    14    14
  436    78    76
  437     2     1
  438    72    67
  439    12    13
  440     8     6
  441    76    73
  442    57    56
  443    54    63
  444    12    17
  445    17    27
  446    35    39
  447    42    36
  448    43    44
  449    65    58
  450    83    90
  451    54    56
  452    92    85
  453    36    36
  454    72    71
  455    10    10
  456    78    70
  457    37    42
  458    78    74
  459    53    47
  460    10     9
  461    57    65
  462    16    25
  463    34    25
  464     1     2
  465    75    80
  466    37    41
  467    94    94
  468    89    85
  469    78    86
  470    82    89
  471    18    24
  472    73    78
  473    57    50
  474    66    75
  475    57    47
  476    11     3
  477    39    30
  478    17    16
  479    23    28
  480    91    90
  481    35    43
  482    97    98
  483    28    31
  484    32    37
  485    39    41
  486    20    25
  487    91    82
  488     4     8
  489    13    21
  490    88    84
  491    92    98
  492    39    39
  493    41    44
  494     9    19
  495    71    66
  496    29    22
  497     1     7
  498    76    76
  499    42    36
  500     1     2
21153
