100
    1   456   437
    2   236   253
    3   168   175
    4   250   272
    5   193   165
    6   235   219
    7   266   254
    8   457   457
    9   346   326
   10   330   367
   11   383   357
   12    33    68
   13    51    53
   14   310   317
   15    97    94
   16   201   214
   17   438   458
   18   131    93
   19   433   438
   20   362   315
   21   428   470
   22    90    45
   23   158   205
   24   260   232
   25   181   138
   26   433   421
   27    68    35
   28   162   165
   29   208   183
   30     7    16
   31   308   303
   32   309   329
   33   472   477
   34   108    98
   35   312   301
   36   202   210
   37    55    29
   38    74   114
   39   344   321
   40   357   356
   41   122    76
   42   227   195
   43   313   331
   44    11    43
   45   477   460
   46   252   256
   47   460   479
   48   122   155
   49   454   488
   50   103   133
   51   274   272
   52   327   313
   53   253   250
   54    33    61
   55   163   154
   56   368   337
   57   185   234
   58   134   104
   59   478   453
   60   431   431
   61   500   474
   62   197   180
   63     1    13
   64   422   448
   65   443   401
   66    13    33
   67   379   342
   68   400   436
   69   187   169
   70   239   287
   71   443   403
   72   152   175
   73   312   351
   74   457   408
   75   325   281
   76   412   370
   77   522   480
   78   402   404
   79   295   254
   80    82   112
   81   384   427
   82   457   435
   83    21    28
   84   135   127
   85   104    99
   86   222   187
   87   109    89
   88   170   169
   89     5    23
   90   154   124
   91   351   398
   92   286   282
   93   280   274
   94   401   397
   95   302   337
   96   513   494
   97   408   366
   98     1    30
   99   430   393
  100    83   109
17209
