500
    1   452   500
    2   312   276
    3    30    26
    4    75    79
    5   361   364
    6    15    18
    7   258   301
    8   220   180
    9   240   193
   10   289   266
   11   244   272
   12   350   347
   13   183   160
   14   175   132
   15   181   133
   16   492   469
   17   429   393
   18   187   212
   19   195   201
   20   441   474
   21   364   357
   22   470   420
   23   461   496
   24   456   475
   25     1     1
   26   505   492
   27   472   458
   28   262   288
   29   482   438
   30   334   375
   31   121   150
   32   391   356
   33    24    16
   34    49    25
   35   292   304
   36    15    41
   37   505   472
   38   291   281
   39   370   344
   40   221   239
   41   378   427
   42   320   338
   43   268   306
   44   416   390
   45   361   403
   46   425   459
   47   138   102
   48   333   290
   49   437   419
   50     1    12
   51   397   403
   52   374   424
   53   415   381
   54   258   244
   55    76   113
   56   342   360
   57    43    33
   58     1    19
   59   203   188
   60   198   186
   61    92   129
   62   532   483
   63   310   356
   64   369   371
   65   332   292
   66   171   156
   67   389   389
   68   419   415
   69   411   404
   70     1     2
   71    21    18
   72    22    14
   73    63    50
   74   197   203
   75    78    36
   76   310   285
   77   393   387
   78    53    31
   79   159   197
   80   487   463
   81   423   466
   82   271   314
   83   297   339
   84   261   306
   85   403   422
   86   260   306
   87    24    12
   88   216   260
   89   292   302
   90   138   151
   91   338   337
   92    91    57
   93   338   317
   94   464   440
   95    54    80
   96   196   209
   97   266   289
   98   339   377
   99   347   300
  100   461   424
  101   311   281
  102    14    44
  103   318   294
  104   431   396
  105   155   109
  106    55    38
  107   165   163
  108    37    55
  109   430   443
  110   212   253
  111   424   435
  112   206   167
  113   370   349
  114   403   381
  115   352   397
  116     2    39
  117   413   415
  118   476   445
  119   413   449
  120   224   197
  121   356   388
  122   180   149
  123    49    92
  124     1     7
  125   431   461
  126   491   491
  127   330   360
  128   416   424
  129   188   219
  130    10    15
  131   457   434
  132   427   449
  133    71   111
  134   138   156
  135    17    65
  136   369   418
  137   531   497
  138   285   307
  139   173   134
  140    91   104
  141   145   179
  142   501   481
  143    60    75
  144   144   147
  145   514   485
  146   101    90
  147   111   134
  148   253   219
  149   323   361
  150   410   430
  151   362   345
  152   445   449
  153   155   186
  154   180   212
  155    13    62
  156    90   136
  157    58    74
  158   155   203
  159    99   106
  160   187   181
  161   150   177
  162   291   291
  163   295   278
  164   382   346
  165   372   389
  166   359   378
  167   365   327
  168   255   208
  169   238   250
  170   304   329
  171     1    15
  172   200   246
  173   155   109
  174   448   442
  175   506   463
  176   215   255
  177   268   222
  178   263   293
  179    96   102
  180    79    40
  181   497   467
  182   436   409
  183   253   228
  184   244   224
  185   298   289
  186   315   341
  187    43    42
  188   180   197
  189   274   280
  190   220   209
  191   115    98
  192   384   395
  193   146   152
  194    17    28
  195   339   321
  196   369   358
  197   414   436
  198   223   234
  199   326   359
  200    91    45
  201   357   379
  202   403   433
  203   480   451
  204   501   499
  205   422   375
  206   134    97
  207   202   216
  208   431   426
  209   450   471
  210   406   409
  211   105    88
  212   180   228
  213   353   343
  214   445   397
  215   169   186
  216   339   323
  217   442   452
  218   185   232
  219   380   357
  220    68    34
  221   360   358
  222   221   173
  223   137    97
  224   407   412
  225   162   168
  226   187   172
  227   433   431
  228    49    37
  229    76    43
  230   272   259
  231   472   461
  232   264   242
  233    22    45
  234   406   362
  235   434   421
  236   461   452
  237    71   101
  238   230   257
  239   302   329
  240   235   237
  241   188   217
  242   462   499
  243   136   133
  244   418   467
  245   111   130
  246    33    63
  247   447   414
  248   132   158
  249   357   344
  250   339   348
  251   142   151
  252   219   183
  253   169   141
  254   205   166
  255   272   275
  256    74    81
  257   394   392
  258   136   104
  259   340   291
  260     4    21
  261   368   347
  262   189   185
  263   270   279
  264   250   227
  265   158   195
  266   356   310
  267   340   306
  268   510   496
  269   374   353
  270   264   279
  271   128    88
  272   284   243
  273   304   352
  274   408   435
  275    69    37
  276   493   478
  277    60    87
  278   103    62
  279    15    61
  280   138   120
  281   168   169
  282   420   446
  283   337   319
  284    99    51
  285   106    84
  286   468   453
  287    48    51
  288    86   121
  289   394   437
  290   152   155
  291    61    74
  292    80    88
  293   242   232
  294   450   414
  295   127    95
  296   523   483
  297   395   398
  298   197   210
  299   324   306
  300   375   344
  301    91    64
  302   386   363
  303   153   162
  304    97    49
  305   234   195
  306   312   296
  307     3    11
  308   369   389
  309    82    48
  310   306   275
  311   279   298
  312    11    58
  313   316   302
  314   188   210
  315   388   394
  316   481   494
  317   474   445
  318    93   141
  319   336   306
  320   317   277
  321   514   486
  322   407   395
  323   435   444
  324   324   314
  325   162   113
  326   119   135
  327   175   158
  328   142   163
  329   470   442
  330   182   157
  331   126   172
  332   182   147
  333   292   333
  334   513   484
  335   121    74
  336   149   191
  337     1    35
  338    15    35
  339   359   368
  340   261   264
  341   323   297
  342   307   322
  343   340   330
  344   344   316
  345   249   224
  346   171   131
  347   189   212
  348   157   138
  349   440   393
  350   331   299
  351   335   296
  352   124   140
  353   111    68
  354   400   440
  355   217   220
  356    19    13
  357   467   427
  358    16    43
  359   261   283
  360   260   294
  361   441   422
  362   393   405
  363    53    69
  364   354   314
  365   224   230
  366    98    79
  367    23    37
  368   259   212
  369   383   387
  370   113   111
  371   408   432
  372   221   266
  373   265   260
  374   371   342
  375    64    80
  376     1     1
  377   319   367
  378   160   130
  379   154   192
  380   305   289
  381   322   347
  382   112   143
  383   425   420
  384   146   155
  385    87   131
  386   125   135
  387    80   111
  388   324   318
  389   113   106
  390    67    32
  391   204   219
  392   405   365
  393   280   275
  394   290   310
  395   209   212
  396   351   361
  397   468   432
  398   465   460
  399   155   170
  400    30     5
  401   294   280
  402   505   497
  403   273   250
  404   427   471
  405   336   354
  406   411   440
  407   177   182
  408   140   178
  409    82    42
  410   450   454
  411   517   491
  412   199   231
  413   232   185
  414   337   329
  415   366   347
  416   120    86
  417   243   267
  418     1    20
  419    11    24
  420   377   360
  421   231   181
  422   394   407
  423   457   409
  424   350   344
  425    71    96
  426   445   477
  427   333   374
  428     2    16
  429   478   494
  430   368   414
  431   280   295
  432   101   130
  433    40    78
  434   461   489
  435   388   363
  436     1     1
  437   450   406
  438   162   200
  439   445   490
  440   411   375
  441   456   462
  442   124    76
  443   336   316
  444   148   162
  445   135   151
  446   108   104
  447   333   317
  448    95    45
  449   474   479
  450   428   399
  451     1    17
  452    88    65
  453   267   237
  454   211   247
  455    82   102
  456   226   214
  457    22    39
  458   195   202
  459    70    23
  460   366   346
  461   340   345
  462   324   330
  463    66    61
  464   372   330
  465   211   180
  466   211   238
  467   318   290
  468   203   158
  469   442   450
  470   118    89
  471   121   144
  472   328   367
  473   430   458
  474   257   256
  475    58    20
  476   278   319
  477   374   339
  478   411   364
  479   179   201
  480   376   327
  481   376   363
  482   349   347
  483   323   371
  484    34     2
  485   501   465
  486   401   405
  487   382   338
  488   136   168
  489   130   129
  490   384   397
  491   303   271
  492   399   427
  493    13    61
  494   184   135
  495   230   263
  496   192   214
  497   157   187
  498   110    89
  499   432   400
  500     1    14
42672
