100
    1    47    37
    2    81    71
    3    63    53
    4    86    76
    5    85    75
    6    87    77
    7    82    72
    8    15     5
    9    75    65
   10   101    91
   11    29    19
   12    92    82
   13    64    54
   14    81    71
   15    67    57
   16    43    33
   17    36    26
   18    70    60
   19    77    67
   20    42    32
   21    67    57
   22    58    48
   23    78    68
   24    46    36
   25    63    53
   26    90    80
   27    27    17
   28    69    59
   29   104    94
   30    78    68
   31    24    14
   32    59    49
   33    68    58
   34    89    79
   35   103    93
   36    57    47
   37    48    38
   38   106    96
   39    25    15
   40    61    51
   41    80    70
   42    53    43
   43    55    45
   44    42    32
   45    15     5
   46    99    89
   47    42    32
   48    83    73
   49    48    38
   50   100    90
   51    31    21
   52    90    80
   53    45    35
   54    71    61
   55    75    65
   56    47    37
   57    93    83
   58    33    23
   59    26    16
   60    72    62
   61    13     3
   62    80    70
   63    39    29
   64    55    45
   65    87    77
   66    27    17
   67   108    98
   68   110   100
   69    11     1
   70    11     1
   71    20    10
   72    52    42
   73    39    29
   74    96    86
   75    24    14
   76    58    48
   77    31    21
   78    18     8
   79    66    56
   80    51    41
   81    86    76
   82    83    73
   83   105    95
   84    25    15
   85    41    31
   86    53    43
   87    53    43
   88    54    44
   89    70    60
   90    14     4
   91    66    56
   92    58    48
   93    89    79
   94    96    86
   95    65    55
   96    40    30
   97    98    88
   98    76    66
   99    43    33
  100    77    67
3420
