500
    1    21    18
    2    16    19
    3     4     5
    4    22    26
    5    10    15
    6    15    14
    7    31    28
    8    20    18
    9    11    10
   10    19    21
   11    11    10
   12     7     8
   13     1     3
   14    24    21
   15    17    17
   16    39    41
   17    24    22
   18     5     7
   19    21    24
   20    46    49
   21    16    14
   22    28    28
   23    44    47
   24     3     7
   25    16    19
   26    12     7
   27     2     1
   28    30    26
   29    15    10
   30    51    46
   31    30    30
   32    43    42
   33    41    46
   34    11     8
   35     7     3
   36    23    26
   37     1     5
   38    42    47
   39    28    29
   40    45    47
   41     4     2
   42    18    20
   43    12    15
   44    16    12
   45    32    32
   46     5     3
   47    43    40
   48    24    22
   49    45    50
   50    24    23
   51    41    37
   52    26    23
   53    18    16
   54    47    49
   55    33    37
   56    45    48
   57    32    30
   58    14    15
   59    17    21
   60    12    13
   61     4     5
   62    35    31
   63    38    34
   64    11     9
   65    39    42
   66    46    45
   67    14    11
   68    29    29
   69    35    37
   70    39    40
   71     8    10
   72    45    40
   73    10     5
   74     2     6
   75    12     8
   76    27    27
   77    36    33
   78    20    18
   79    26    25
   80    37    33
   81    38    42
   82    21    24
   83    38    33
   84     7    12
   85     1     6
   86    46    46
   87    49    50
   88    11    15
   89    14     9
   90    36    38
   91    22    21
   92    15    15
   93    51    49
   94    19    14
   95    13    13
   96    49    48
   97    29    28
   98    45    49
   99    46    43
  100    22    17
  101    35    34
  102    42    39
  103    10     9
  104     5     3
  105     3     6
  106    16    15
  107    33    38
  108    17    21
  109    35    31
  110    19    14
  111    45    45
  112    29    34
  113    39    34
  114    32    28
  115    46    50
  116    44    41
  117    15    20
  118    36    40
  119    41    36
  120    26    29
  121    25    22
  122    40    37
  123    22    26
  124    11     9
  125    29    32
  126     1     1
  127    32    28
  128    32    30
  129    21    17
  130    25    22
  131     9     4
  132    22    24
  133     7     7
  134    24    27
  135     6     5
  136    37    35
  137    17    20
  138     8     9
  139    48    50
  140    19    21
  141     1     6
  142    12    17
  143     6    10
  144    10    10
  145    22    24
  146     6     9
  147    41    43
  148    28    24
  149     2     3
  150     8     3
  151     1     2
  152     1     1
  153    17    12
  154    48    49
  155    50    46
  156    27    29
  157    16    11
  158    23    18
  159     4     2
  160    17    18
  161     3     2
  162    54    49
  163    49    49
  164    10    14
  165    43    48
  166    36    31
  167    29    27
  168    49    48
  169    44    46
  170    30    34
  171    29    27
  172     8     8
  173    35    33
  174    34    36
  175    18    21
  176    18    15
  177    36    37
  178    51    46
  179    26    31
  180    28    26
  181    53    50
  182    31    27
  183    14    15
  184    42    43
  185    23    21
  186    28    28
  187     1     3
  188    39    38
  189    32    28
  190    22    20
  191    24    23
  192    28    25
  193    15    13
  194    32    29
  195     9    10
  196    41    40
  197     3     4
  198    38    36
  199    15    11
  200     1     2
  201    33    37
  202     9    11
  203    33    35
  204     1     1
  205    41    39
  206     1     3
  207    53    49
  208    37    38
  209     3     6
  210     9     8
  211    47    43
  212    15    14
  213    35    35
  214    14    13
  215    37    38
  216    11    10
  217    38    37
  218    41    46
  219    34    34
  220    40    39
  221    15    16
  222    16    15
  223    37    34
  224     6     4
  225    52    48
  226    48    48
  227    37    38
  228    37    36
  229    31    36
  230    26    25
  231    18    22
  232    24    27
  233    20    15
  234     2     7
  235    10     6
  236     7     2
  237     6     2
  238    42    38
  239     1     3
  240     1     1
  241    34    32
  242    42    38
  243    21    26
  244    31    32
  245    24    27
  246    46    41
  247    30    30
  248    13    14
  249    16    19
  250    39    39
  251    48    45
  252    45    45
  253    28    27
  254    19    18
  255    27    22
  256    15    19
  257    22    19
  258    24    19
  259    44    42
  260    36    39
  261    10     8
  262    49    48
  263    19    15
  264     1     5
  265     1     2
  266    51    50
  267    42    39
  268    11     8
  269    49    49
  270    16    12
  271    44    42
  272    46    42
  273    28    28
  274    32    35
  275    22    20
  276    45    41
  277     9     5
  278    35    31
  279     1     3
  280    13    11
  281    27    29
  282    10     5
  283    48    48
  284    51    47
  285    53    49
  286    29    29
  287     5     4
  288    19    15
  289     6     3
  290    37    33
  291    48    47
  292    47    42
  293    44    45
  294    15    16
  295    13    15
  296    28    25
  297     1     1
  298    16    11
  299    17    12
  300     1     6
  301    32    31
  302    13     9
  303    37    38
  304    30    28
  305    31    26
  306    49    48
  307    35    38
  308    18    20
  309    46    50
  310    18    16
  311    26    30
  312    29    33
  313    24    23
  314    15    14
  315    15    16
  316    34    29
  317     6     1
  318    49    50
  319    19    17
  320     3     5
  321    34    39
  322    19    23
  323    48    44
  324    18    21
  325    29    28
  326    48    44
  327     9    14
  328     1     1
  329    22    18
  330    28    29
  331    27    26
  332    23    26
  333    33    35
  334    34    37
  335    41    38
  336    17    14
  337    21    21
  338    23    21
  339    47    45
  340    44    42
  341    23    24
  342    37    39
  343    15    14
  344     2     7
  345    15    15
  346    43    45
  347     2     2
  348    33    28
  349    23    20
  350     6     6
  351    52    49
  352    10    11
  353    34    29
  354    41    45
  355    31    31
  356    19    15
  357    41    42
  358    13    12
  359    38    43
  360    21    19
  361    19    22
  362    28    33
  363    31    33
  364    42    45
  365    30    28
  366    43    40
  367    36    35
  368    12    11
  369    45    46
  370     1     3
  371    35    34
  372    31    28
  373    31    34
  374    15    15
  375    45    47
  376    47    50
  377    36    41
  378    17    20
  379    25    28
  380    27    27
  381    38    37
  382    12    10
  383    13    17
  384    27    32
  385    11     6
  386    23    24
  387     3     2
  388    23    27
  389    41    38
  390    18    19
  391    46    43
  392    37    38
  393    19    19
  394    10     7
  395    23    19
  396    12    12
  397    11    12
  398    33    30
  399    47    43
  400    24    22
  401    44    39
  402    23    22
  403    36    32
  404    33    34
  405    16    19
  406    41    37
  407     5     6
  408     8     9
  409    15    17
  410    31    29
  411    31    31
  412    19    16
  413    33    35
  414    20    15
  415     6     8
  416    12    11
  417    40    41
  418     9    11
  419    34    35
  420    21    20
  421    38    38
  422    22    27
  423    21    20
  424    32    30
  425     3     5
  426     2     4
  427    37    41
  428    12    16
  429    36    37
  430     5     4
  431    42    41
  432     8     4
  433     9     6
  434    15    19
  435    24    27
  436    27    31
  437    19    18
  438    27    22
  439    32    28
  440     9    13
  441    49    46
  442    18    17
  443    44    48
  444    45    44
  445    50    46
  446    48    46
  447    28    23
  448    16    11
  449     1     5
  450    47    43
  451    39    35
  452    19    22
  453    39    39
  454    49    44
  455    39    41
  456    52    47
  457    42    45
  458    29    29
  459    29    34
  460    50    50
  461    20    16
  462    27    28
  463    18    16
  464    44    49
  465    30    33
  466    46    44
  467    25    25
  468    30    28
  469    34    29
  470    42    42
  471    11     7
  472     6     1
  473    23    25
  474    12    12
  475    52    48
  476    19    14
  477    17    19
  478    27    29
  479    12    15
  480    36    31
  481     8     4
  482    36    33
  483    34    36
  484    46    44
  485    40    38
  486    31    26
  487    40    39
  488    38    43
  489    50    46
  490    42    45
  491    47    49
  492    50    48
  493    18    19
  494     3     8
  495    46    47
  496     2     3
  497    31    30
  498    41    37
  499    26    29
  500    24    27
6410
