100
    1   280   218
    2   408   419
    3     1     5
    4   382   426
    5     1    15
    6   416   464
    7   484   528
    8   837   818
    9   802   760
   10   622   721
   11   953   910
   12   358   458
   13   738   703
   14   561   571
   15   842   767
   16    10    91
   17   288   272
   18   835   807
   19   690   724
   20   525   549
   21   763   664
   22     6    78
   23   365   447
   24   715   757
   25   260   319
   26   115   207
   27   962   901
   28   795   726
   29   595   560
   30   409   446
   31   428   380
   32   870   842
   33   157   246
   34   832   908
   35   303   303
   36   410   376
   37   579   655
   38   854   947
   39   675   679
   40   778   797
   41    25     2
   42   829   920
   43   749   665
   44   843   812
   45   723   682
   46   943   953
   47   463   540
   48   480   472
   49   110    50
   50   843   823
   51   429   337
   52     1    23
   53   802   816
   54   493   499
   55   705   787
   56   568   598
   57  1003   980
   58   472   465
   59    63    71
   60   616   713
   61   484   455
   62     7    81
   63   365   434
   64   450   409
   65   875   942
   66   524   595
   67   669   711
   68   847   829
   69   362   287
   70   153   240
   71   906   960
   72   935   940
   73    31   105
   74   729   806
   75   605   658
   76   250   327
   77   841   933
   78   308   218
   79   470   475
   80   699   633
   81   773   792
   82   120   124
   83   978   933
   84   315   312
   85   928   856
   86   587   496
   87   119    50
   88   802   715
   89   446   509
   90    95   138
   91   358   271
   92   579   515
   93   258   199
   94     1    14
   95   269   363
   96   901   948
   97   733   828
   98   777   799
   99   906   943
  100   250   267
26891
