500
    1    28    18
    2   105    95
    3    29    19
    4    77    67
    5    15     5
    6    87    77
    7    36    26
    8    31    21
    9    25    15
   10    32    22
   11    74    64
   12    84    74
   13    38    28
   14    32    22
   15    28    18
   16   102    92
   17    70    60
   18    17     7
   19    31    21
   20    73    63
   21    20    10
   22    74    64
   23    68    58
   24    74    64
   25    13     3
   26    30    20
   27    81    71
   28    21    11
   29    77    67
   30    14     4
   31   101    91
   32   107    97
   33    82    72
   34    37    27
   35    17     7
   36    21    11
   37    34    24
   38    69    59
   39    59    49
   40    64    54
   41    74    64
   42    56    46
   43    88    78
   44    82    72
   45    57    47
   46    47    37
   47    67    57
   48    91    81
   49    29    19
   50    56    46
   51    17     7
   52    17     7
   53    11     1
   54    43    33
   55    36    26
   56    86    76
   57    70    60
   58    21    11
   59    56    46
   60    63    53
   61    90    80
   62   108    98
   63    52    42
   64    31    21
   65    56    46
   66    99    89
   67    18     8
   68    66    56
   69    13     3
   70    54    44
   71    86    76
   72    92    82
   73    65    55
   74    60    50
   75    57    47
   76   106    96
   77    89    79
   78    65    55
   79   107    97
   80    86    76
   81    12     2
   82    79    69
   83    30    20
   84    60    50
   85    75    65
   86    24    14
   87    22    12
   88   102    92
   89    92    82
   90   105    95
   91    63    53
   92    46    36
   93    50    40
   94    15     5
   95    82    72
   96    55    45
   97    60    50
   98    55    45
   99    33    23
  100   100    90
  101    47    37
  102    66    56
  103    33    23
  104   109    99
  105    26    16
  106    18     8
  107   109    99
  108   108    98
  109    97    87
  110    79    69
  111   108    98
  112    85    75
  113    90    80
  114    37    27
  115    75    65
  116    87    77
  117    81    71
  118    43    33
  119    23    13
  120    42    32
  121    65    55
  122    35    25
  123    91    81
  124    41    31
  125    44    34
  126    92    82
  127    19     9
  128    84    74
  129    52    42
  130    37    27
  131   105    95
  132    60    50
  133    21    11
  134    56    46
  135    39    29
  136    12     2
  137    97    87
  138    83    73
  139    50    40
  140    68    58
  141    70    60
  142    96    86
  143    50    40
  144    54    44
  145    15     5
  146    80    70
  147    16     6
  148    88    78
  149    68    58
  150    89    79
  151    37    27
  152    25    15
  153    43    33
  154    77    67
  155    28    18
  156    24    14
  157    85    75
  158    87    77
  159    43    33
  160    34    24
  161   102    92
  162    74    64
  163    34    24
  164    69    59
  165    43    33
  166    20    10
  167    22    12
  168    69    59
  169    66    56
  170    72    62
  171   106    96
  172    95    85
  173    60    50
  174   101    91
  175    25    15
  176    42    32
  177    19     9
  178    39    29
  179    48    38
  180   105    95
  181    81    71
  182    65    55
  183    25    15
  184    36    26
  185   109    99
  186    68    58
  187    24    14
  188    55    45
  189    73    63
  190   107    97
  191    58    48
  192    73    63
  193    38    28
  194    24    14
  195   109    99
  196   107    97
  197    53    43
  198    91    81
  199    77    67
  200    59    49
  201    94    84
  202    27    17
  203    49    39
  204    40    30
  205    19     9
  206   109    99
  207    13     3
  208    32    22
  209    66    56
  210    58    48
  211    75    65
  212    66    56
  213    48    38
  214    73    63
  215    31    21
  216    15     5
  217    91    81
  218    81    71
  219    74    64
  220    91    81
  221    55    45
  222    36    26
  223    44    34
  224   105    95
  225    94    84
  226    44    34
  227    38    28
  228    54    44
  229   110   100
  230    45    35
  231    51    41
  232    16     6
  233    80    70
  234    74    64
  235    50    40
  236    92    82
  237    46    36
  238    65    55
  239    89    79
  240    18     8
  241    32    22
  242   100    90
  243    97    87
  244    57    47
  245    36    26
  246    25    15
  247    19     9
  248    50    40
  249    42    32
  250    42    32
  251    11     1
  252    19     9
  253    88    78
  254    75    65
  255    40    30
  256    89    79
  257    27    17
  258    90    80
  259    32    22
  260   107    97
  261    14     4
  262    93    83
  263    34    24
  264    90    80
  265    67    57
  266    15     5
  267    37    27
  268    45    35
  269    65    55
  270    72    62
  271    95    85
  272    90    80
  273    30    20
  274   107    97
  275    19     9
  276    20    10
  277   110   100
  278    30    20
  279    81    71
  280    60    50
  281    16     6
  282    41    31
  283    77    67
  284    51    41
  285    20    10
  286    32    22
  287    20    10
  288    18     8
  289    34    24
  290    71    61
  291    19     9
  292    17     7
  293   103    93
  294    92    82
  295    84    74
  296    58    48
  297    13     3
  298   103    93
  299    63    53
  300   101    91
  301    62    52
  302    55    45
  303    61    51
  304    33    23
  305    22    12
  306    82    72
  307   109    99
  308    26    16
  309   106    96
  310    35    25
  311    89    79
  312    87    77
  313    71    61
  314    88    78
  315    28    18
  316    12     2
  317    62    52
  318    66    56
  319    78    68
  320    36    26
  321    62    52
  322    17     7
  323    59    49
  324    28    18
  325    59    49
  326    61    51
  327    74    64
  328    20    10
  329    58    48
  330   103    93
  331    91    81
  332    72    62
  333    87    77
  334    78    68
  335   108    98
  336    79    69
  337   106    96
  338    37    27
  339    94    84
  340    12     2
  341    87    77
  342    57    47
  343    18     8
  344    17     7
  345    93    83
  346    41    31
  347    46    36
  348    69    59
  349    31    21
  350    26    16
  351    75    65
  352    43    33
  353    47    37
  354    58    48
  355   106    96
  356    33    23
  357    91    81
  358    97    87
  359    36    26
  360    83    73
  361    60    50
  362    18     8
  363    37    27
  364    96    86
  365    25    15
  366    92    82
  367    53    43
  368    40    30
  369    81    71
  370    48    38
  371    38    28
  372    20    10
  373    63    53
  374    56    46
  375    98    88
  376    31    21
  377    88    78
  378    86    76
  379    30    20
  380    46    36
  381    83    73
  382    71    61
  383    35    25
  384    62    52
  385    73    63
  386    24    14
  387    89    79
  388    55    45
  389    70    60
  390    51    41
  391    50    40
  392    28    18
  393    64    54
  394    27    17
  395    46    36
  396    11     1
  397    71    61
  398    41    31
  399    62    52
  400    91    81
  401    47    37
  402    27    17
  403    21    11
  404    28    18
  405    95    85
  406    99    89
  407    11     1
  408   105    95
  409    99    89
  410    77    67
  411    13     3
  412    83    73
  413   109    99
  414    94    84
  415    98    88
  416   106    96
  417    16     6
  418    37    27
  419    18     8
  420    30    20
  421    53    43
  422    32    22
  423    24    14
  424    20    10
  425    95    85
  426    20    10
  427    73    63
  428    80    70
  429    98    88
  430    86    76
  431    20    10
  432    41    31
  433    97    87
  434    94    84
  435    56    46
  436    40    30
  437    94    84
  438    78    68
  439    99    89
  440    42    32
  441    26    16
  442    96    86
  443    25    15
  444    69    59
  445    94    84
  446    78    68
  447    64    54
  448    75    65
  449   108    98
  450    63    53
  451   108    98
  452    62    52
  453    48    38
  454    75    65
  455    46    36
  456    84    74
  457    96    86
  458    47    37
  459    35    25
  460    19     9
  461    82    72
  462    27    17
  463    87    77
  464    22    12
  465    25    15
  466    57    47
  467    67    57
  468   106    96
  469    66    56
  470    86    76
  471    12     2
  472    19     9
  473    62    52
  474    93    83
  475    98    88
  476    63    53
  477    13     3
  478    36    26
  479    61    51
  480    29    19
  481    42    32
  482    40    30
  483    48    38
  484    16     6
  485    86    76
  486    77    67
  487    92    82
  488    19     9
  489    87    77
  490    78    68
  491    51    41
  492    89    79
  493    90    80
  494    83    73
  495    74    64
  496    66    56
  497    29    19
  498    68    58
  499    49    39
  500    88    78
12273
