500
    1   418   500
    2   651   776
    3   668   526
    4   744    79
    5   646   864
    6   165   518
    7   966   801
    8   952   680
    9   347   193
   10   303   766
   11   771   272
   12   799   847
   13   759   160
   14   870   632
   15   931   633
   16   944   969
   17   682   393
   18   174   212
   19   223   701
   20   558   474
   21   350   857
   22    11   420
   23   592   496
   24   788   475
   25   501     1
   26    43   492
   27   812   958
   28   508   788
   29   598   938
   30   437   875
   31    33   150
   32   588   856
   33   352    16
   34    19    25
   35   888   304
   36   121   541
   37   221   472
   38   835   281
   39   211   344
   40   312   739
   41    64   427
   42   394   838
   43   486   306
   44    47   890
   45   287   403
   46   223   959
   47   625   102
   48   569   790
   49   825   419
   50   414    12
   51   147   403
   52   407   924
   53   295   881
   54   721   744
   55   600   613
   56   318   860
   57   615   533
   58   192   519
   59   556   688
   60   319   686
   61   196   129
   62   290   983
   63    54   356
   64   514   871
   65   159   792
   66   201   656
   67   981   889
   68   642   915
   69   361   904
   70   666   502
   71   405    18
   72    51   514
   73   189    50
   74   578   203
   75   563    36
   76   182   285
   77   586   887
   78   241    31
   79   180   197
   80   372   463
   81   727   466
   82   954   314
   83   610   839
   84   142   806
   85   221   922
   86    65   806
   87   262    12
   88   443   760
   89   440   302
   90   579   151
   91   974   337
   92   858    57
   93   654   817
   94    81   940
   95   320   580
   96    11   209
   97    37   789
   98   828   877
   99   877   800
  100   817   424
  101   689   281
  102   450    44
  103   183   294
  104   762   396
  105    19   109
  106   351    38
  107   578   163
  108   485    55
  109   210   443
  110   341   753
  111   662   935
  112   426   667
  113   990   349
  114   684   381
  115   290   897
  116   469    39
  117   687   915
  118   361   445
  119    26   949
  120   915   697
  121   234   388
  122   219   149
  123   394   592
  124   555   507
  125   164   961
  126   977   491
  127   641   360
  128   830   424
  129   924   719
  130   261    15
  131   375   934
  132    15   949
  133   308   611
  134   315   156
  135   198   565
  136   964   418
  137    49   997
  138   106   807
  139   803   634
  140   570   104
  141   254   679
  142   969   981
  143   230    75
  144   188   147
  145   108   485
  146   995   590
  147   453   634
  148   507   719
  149   677   861
  150   707   430
  151   317   345
  152   839   949
  153   908   686
  154   512   712
  155   401    62
  156    20   636
  157   494    74
  158   777   203
  159   840   606
  160   965   681
  161   147   677
  162   322   791
  163   642   778
  164   845   346
  165    61   389
  166   493   878
  167   819   327
  168   184   708
  169   654   250
  170   753   829
  171   367    15
  172   238   746
  173    86   109
  174   902   442
  175    27   963
  176   152   255
  177   819   722
  178   974   293
  179   242   602
  180    81    40
  181   127   967
  182   550   409
  183   861   728
  184   581   724
  185   925   789
  186   186   841
  187   753    42
  188   108   197
  189   220   780
  190   139   709
  191   613   598
  192   536   895
  193   986   152
  194   300    28
  195    40   821
  196    26   358
  197   881   936
  198   664   234
  199   279   859
  200   912   545
  201   908   379
  202   134   433
  203   492   451
  204   194   499
  205   746   875
  206    29    97
  207   831   716
  208   320   926
  209   802   971
  210   319   409
  211    89    88
  212   573   728
  213   797   843
  214   257   397
  215   772   186
  216   303   823
  217   487   952
  218   953   232
  219   164   357
  220   683   534
  221    78   358
  222   575   673
  223   864    97
  224   861   912
  225   137   168
  226   364   672
  227   368   431
  228   590   537
  229   801    43
  230   693   759
  231   872   961
  232   459   242
  233   690   545
  234   216   362
  235   532   421
  236   509   452
  237   291   601
  238   853   257
  239   914   329
  240   387   737
  241   217   217
  242   285   499
  243   346   133
  244   944   967
  245    16   630
  246   982   563
  247   864   414
  248   787   158
  249   521   344
  250   366   348
  251   448   151
  252   586   183
  253    28   641
  254   923   166
  255   721   775
  256   549   581
  257   800   892
  258   304   104
  259   595   791
  260   273    21
  261   277   847
  262   290   685
  263   560   779
  264   634   727
  265   441   195
  266    71   810
  267   318   806
  268    39   996
  269   447   353
  270   285   779
  271    74    88
  272    57   743
  273   656   852
  274   617   435
  275    86   537
  276   675   478
  277   622   587
  278   901   562
  279   179    61
  280   235   120
  281   956   669
  282   463   446
  283   607   319
  284   591   551
  285   359    84
  286   336   453
  287   624   551
  288   769   621
  289   103   437
  290   570   655
  291   855   574
  292    67    88
  293   294   732
  294    81   414
  295   206    95
  296    19   983
  297    79   898
  298   763   710
  299   169   806
  300   119   844
  301   472    64
  302   999   863
  303    16   162
  304   786    49
  305   784   195
  306   585   296
  307   171    11
  308   645   389
  309   113    48
  310   948   275
  311   164   798
  312   550   558
  313   558   302
  314   422   710
  315   496   894
  316   724   494
  317   485   945
  318   623   141
  319   390   306
  320   703   777
  321   958   986
  322   161   395
  323   157   444
  324    20   314
  325   627   113
  326   137   135
  327   994   158
  328   655   163
  329   837   942
  330   444   657
  331   295   172
  332   840   147
  333   156   833
  334   170   484
  335   149   574
  336   430   191
  337   415   535
  338   143    35
  339   866   868
  340   502   764
  341   591   797
  342   428   822
  343   843   330
  344   164   816
  345   865   724
  346   433   131
  347   659   212
  348   303   638
  349   720   893
  350   974   799
  351   433   296
  352   985   640
  353   358    68
  354   525   940
  355   190   720
  356   773    13
  357     3   927
  358   626    43
  359    92   783
  360   591   794
  361   692   422
  362    90   905
  363   167   569
  364    79   314
  365   981   730
  366    63   579
  367   655    37
  368   765   712
  369   575   887
  370   761   611
  371   964   932
  372   142   266
  373    58   260
  374   230   842
  375   384    80
  376     5   501
  377   611   367
  378    18   630
  379   192   192
  380   706   789
  381   111   347
  382   767   643
  383   979   920
  384   630   155
  385   494   131
  386   750   635
  387   361   611
  388   796   318
  389   344   606
  390   620    32
  391   324   219
  392   178   365
  393   307   275
  394   878   310
  395   354   212
  396   613   361
  397   914   932
  398     4   460
  399   696   670
  400   584     5
  401    70   780
  402    33   497
  403   424   250
  404   541   471
  405   729   354
  406   416   440
  407   908   682
  408    41   678
  409   782   542
  410   520   454
  411   272   491
  412   916   731
  413   554   185
  414   905   329
  415   531   347
  416   334   586
  417   109   767
  418   629   520
  419   558   524
  420   659   360
  421   657   181
  422   335   407
  423   682   409
  424   743   844
  425   177   596
  426     6   977
  427   510   374
  428   291    16
  429   459   494
  430   634   414
  431    39   795
  432   533   630
  433   286    78
  434   646   989
  435   142   863
  436   683   501
  437   260   906
  438   628   200
  439   557   990
  440   808   875
  441     1   962
  442   219    76
  443   937   316
  444   901   162
  445    33   151
  446   644   104
  447     1   817
  448   873    45
  449   829   479
  450   944   899
  451   196   517
  452   313    65
  453   846   237
  454   867   247
  455    87   602
  456   136   214
  457   328   539
  458   348   202
  459   917    23
  460   255   846
  461   448   345
  462   146   330
  463   756   561
  464   670   330
  465   622   180
  466   264   238
  467   718   290
  468   360   658
  469   532   450
  470   937    89
  471   612   644
  472   315   867
  473   836   458
  474   940   256
  475   925    20
  476   917   319
  477    60   839
  478   672   864
  479   581   201
  480   736   827
  481   245   363
  482   313   347
  483   478   371
  484   678     2
  485   232   965
  486   673   905
  487   954   838
  488   196   668
  489   887   629
  490   135   897
  491   157   271
  492   651   427
  493   498    61
  494   195   135
  495   871   763
  496   562   714
  497   958   687
  498   631   589
  499   296   900
  500   717    14
84338
