500
    1    42    81
    2    42    42
    3    68    56
    4    68    25
    5    77    14
    6    57    63
    7    17    75
    8    19    41
    9    94    19
   10    34    12
   11    87    25
   12    27    37
   13    99    10
   14    30    86
   15    59     6
   16   100    46
   17    30     7
   18    38    18
   19    86    79
   20    69     8
   21    53    51
   22    59    53
   23    40    38
   24    96   100
   25    57    82
   26    70    70
   27    84    24
   28    47    57
   29    86    15
   30    28    97
   31    61    19
   32    56    77
   33    24    85
   34    75    35
   35    39     6
   36    53    15
   37    85    98
   38    83    14
   39    58     2
   40    47    80
   41    68    53
   42    29    63
   43    49    48
   44     3    59
   45    78    25
   46    11    56
   47    36    71
   48    84    15
   49    12    81
   50    37     2
   51    39    68
   52    14    34
   53    83    47
   54    53    82
   55    32    46
   56    62    21
   57    94    79
   58    16    80
   59    80     6
   60     7    68
   61    76    10
   62    50    84
   63    33    77
   64    61    24
   65    82    33
   66    53    18
   67    25    58
   68    81   100
   69    40    14
   70    65    55
   71    25    75
   72    67    79
   73    17     4
   74    85     1
   75    46    13
   76    50    42
   77     6    48
   78    69    45
   79    92    18
   80    11    84
   81    91    39
   82    50     3
   83     1    36
   84    18    91
   85    89    79
   86    44    15
   87    34    81
   88    55     6
   89    44    96
   90    54    65
   91     2     2
   92    97    90
   93    57    42
   94     8    57
   95    36    98
   96    58    71
   97    69    59
   98    68    54
   99    72    50
  100    92    90
  101    52    79
  102    69    50
  103    58    80
  104     1    90
  105    91    63
  106    55    20
  107     2    97
  108    64    88
  109    50     4
  110   100    35
  111    97    16
  112    50     9
  113    37    23
  114    23    27
  115    54     3
  116    25    28
  117    11    69
  118    33    43
  119    98    63
  120    15     6
  121    85    45
  122    98    10
  123    82    57
  124    79    12
  125    95    99
  126    52    88
  127     8    33
  128    82    25
  129    67    28
  130    16    17
  131    66    63
  132    59    75
  133    20    56
  134     2    86
  135    33    82
  136    39    60
  137   100    83
  138     9     4
  139    87    75
  140    89    46
  141    86    61
  142    88     2
  143    45    41
  144    75    93
  145    56    47
  146    82    72
  147    25    76
  148    59    57
  149    52    10
  150    22     8
  151    88    31
  152    54    46
  153    43    51
  154    99    18
  155    84    19
  156    64     2
  157     9    80
  158    53    89
  159    31    59
  160     5    87
  161    86     3
  162    25    32
  163    26     8
  164    73    35
  165    28    31
  166    25    76
  167    71    84
  168     8    17
  169    82     3
  170    13    67
  171    78    52
  172    62    91
  173    34    42
  174    46    47
  175    31    96
  176    72    36
  177    99   100
  178    26    91
  179    98    16
  180    88    61
  181    47    93
  182    21    98
  183    41    34
  184    41     6
  185    13     6
  186    53    47
  187    69    40
  188    96    99
  189    63    81
  190    43     7
  191    56    16
  192    19    64
  193    57    42
  194    56    78
  195    32    83
  196    33    83
  197    44    25
  198    36    39
  199    34    64
  200    44    47
  201   100    28
  202    49    54
  203    96    16
  204    94    96
  205    18    68
  206    92    82
  207    79    26
  208    35    71
  209    78    37
  210    27     3
  211    65    34
  212    37    33
  213    93    92
  214    53    22
  215    67    91
  216    66    45
  217    99    18
  218    85    17
  219    51    39
  220    35    88
  221    69    99
  222    82    30
  223    59    11
  224    56    77
  225    20    29
  226    83    37
  227    80    25
  228     5    47
  229    64     1
  230    84    84
  231    36    59
  232    15     8
  233    42    82
  234    35    68
  235    95    79
  236   100     1
  237    90    43
  238    52    27
  239     1    54
  240    46    30
  241     5     3
  242    73    61
  243    26    91
  244    88    53
  245    71    92
  246    94    84
  247    64    47
  248    11    51
  249    77    62
  250    45    50
  251    16    64
  252    25    28
  253    92    46
  254    78    71
  255    12    21
  256    97    42
  257    79    66
  258    16    98
  259    18    41
  260    88     2
  261    73    37
  262    82    15
  263     7    84
  264    73    48
  265    28    89
  266    18    19
  267    45    32
  268    14    41
  269    39     6
  270    21    97
  271     1    33
  272    84    45
  273    24    33
  274    76    76
  275    41    47
  276    67     8
  277    70    68
  278    96    36
  279    35    26
  280    86    38
  281     7    66
  282    83    88
  283    11    41
  284    39     4
  285    18    78
  286    48    18
  287    12    41
  288    60    18
  289    83    70
  290    10    76
  291    58    44
  292    79    33
  293    57    78
  294    85    19
  295     1    24
  296    46    40
  297     2    96
  298    26    60
  299    57     7
  300    47    81
  301    99    98
  302    71     8
  303     8    35
  304    13    63
  305    91    73
  306    73     1
  307    42    85
  308     4    59
  309    44    45
  310    79    77
  311    68    23
  312    61    84
  313    98    32
  314    61    55
  315    32    63
  316    31    60
  317    49    46
  318    34    75
  319    61    96
  320    11    90
  321    22    84
  322    25    24
  323    37     1
  324    44     8
  325    62    99
  326    60    69
  327    49    51
  328    11    24
  329     1    15
  330    95    34
  331    23    17
  332    23    69
  333    48    30
  334    38    82
  335     4    59
  336    69    77
  337     3    48
  338    10    40
  339    26    50
  340     9    85
  341    31    71
  342    56    64
  343    39    95
  344    27    18
  345    44    26
  346    77    16
  347    59    29
  348    39    55
  349    32    67
  350    50     1
  351    49    86
  352    33    62
  353    21    58
  354    61    86
  355    26     2
  356     8    18
  357    23    13
  358    77    33
  359    39    72
  360    46    20
  361    31    71
  362    94    26
  363    11    54
  364    34    92
  365    77    31
  366    90    69
  367    43    38
  368    49    14
  369    74    29
  370     1    68
  371    72    37
  372     9     3
  373     6    85
  374    89    20
  375    16    22
  376     8     3
  377    11    92
  378    10    31
  379    76     5
  380    74    50
  381    79    56
  382    31    69
  383    22    74
  384    54    37
  385    33    49
  386    46     5
  387    92    29
  388    76    68
  389   100    31
  390    71    46
  391    32    44
  392     5    51
  393    18    80
  394    37    72
  395    21     6
  396    81     3
  397    58     1
  398    87    97
  399    72    48
  400     7    47
  401     6    30
  402    88    15
  403    15    67
  404    16    17
  405    93    40
  406    52    86
  407    51    15
  408    49    40
  409    73    68
  410    28    80
  411    63   100
  412    63    97
  413    10    26
  414    73    34
  415    62    37
  416    78     4
  417     9    92
  418    32    30
  419    41    14
  420     2    49
  421    49    67
  422    34    36
  423    58     7
  424    87    65
  425    65    38
  426    78    59
  427    54     8
  428    14    57
  429    99    60
  430    74    31
  431    14    48
  432     1    55
  433    82    99
  434    69    50
  435    17    48
  436    54    78
  437    24    43
  438    83    77
  439    92    43
  440     4    28
  441    80    27
  442    95    86
  443    97    33
  444    28    79
  445    17    65
  446    60    53
  447    36     2
  448    73    86
  449    81    52
  450    68    96
  451    96     6
  452    20    59
  453    78    34
  454    35     9
  455    98    64
  456    60    24
  457    60    40
  458    35    76
  459    56    13
  460     7    91
  461    88    67
  462    22    31
  463    11     7
  464    98     4
  465    50    86
  466     7    39
  467    65    56
  468    64    79
  469    67    72
  470    96    95
  471     8    90
  472    62    32
  473    23    92
  474    75    49
  475     8    41
  476     5    33
  477     8   100
  478    84    50
  479    52    94
  480    27    72
  481    21    73
  482    56    60
  483    53    49
  484    97    51
  485    27    43
  486    32    35
  487     9    88
  488    48    86
  489    71    71
  490    70     6
  491    65   100
  492    58    57
  493    97     2
  494    78     5
  495    87    36
  496     9    84
  497    14    45
  498    78    90
  499    31    22
  500    84    44
4072
