100
    1    28    18
    2    55    45
    3    29    19
    4    27    17
    5    15     5
    6    37    27
    7    36    26
    8    31    21
    9    25    15
   10    32    22
   11    24    14
   12    34    24
   13    38    28
   14    32    22
   15    28    18
   16    52    42
   17    20    10
   18    17     7
   19    31    21
   20    23    13
   21    20    10
   22    24    14
   23    18     8
   24    24    14
   25    13     3
   26    30    20
   27    31    21
   28    21    11
   29    27    17
   30    14     4
   31    51    41
   32    57    47
   33    32    22
   34    37    27
   35    17     7
   36    21    11
   37    34    24
   38    19     9
   39    59    49
   40    14     4
   41    24    14
   42    56    46
   43    38    28
   44    32    22
   45    57    47
   46    47    37
   47    17     7
   48    41    31
   49    29    19
   50    56    46
   51    17     7
   52    17     7
   53    11     1
   54    43    33
   55    36    26
   56    36    26
   57    20    10
   58    21    11
   59    56    46
   60    13     3
   61    40    30
   62    58    48
   63    52    42
   64    31    21
   65    56    46
   66    49    39
   67    18     8
   68    16     6
   69    13     3
   70    54    44
   71    36    26
   72    42    32
   73    15     5
   74    60    50
   75    57    47
   76    56    46
   77    39    29
   78    15     5
   79    57    47
   80    36    26
   81    12     2
   82    29    19
   83    30    20
   84    60    50
   85    25    15
   86    24    14
   87    22    12
   88    52    42
   89    42    32
   90    55    45
   91    13     3
   92    46    36
   93    50    40
   94    15     5
   95    32    22
   96    55    45
   97    60    50
   98    55    45
   99    33    23
  100    50    40
1202
