100
    1    34    31
    2    43    42
    3     8     6
    4    26    25
    5    17    14
    6    15    13
    7    25    25
    8    42    41
    9    24    19
   10    15    12
   11    21    25
   12    39    37
   13    11    10
   14    34    36
   15     8     6
   16    47    46
   17    12     7
   18    19    18
   19    32    29
   20     3     8
   21     5     1
   22     3     3
   23    34    38
   24    48    50
   25    31    32
   26    20    20
   27    28    24
   28    11     7
   29    19    15
   30    47    47
   31    17    19
   32    24    27
   33    38    35
   34    34    35
   35    10     6
   36    11    15
   37    45    48
   38    19    14
   39     1     2
   40    34    30
   41     2     3
   42    17    13
   43    51    48
   44     5     9
   45    20    25
   46    11     6
   47    26    21
   48    17    15
   49    32    31
   50     1     2
   51    22    18
   52    30    34
   53    47    47
   54    27    32
   55    47    46
   56    16    21
   57    27    29
   58    26    30
   59     7     6
   60    23    18
   61     6    10
   62    39    34
   63    27    27
   64    22    24
   65    33    33
   66    13    18
   67     7     8
   68    51    50
   69    10    14
   70     8     5
   71    27    25
   72    24    29
   73     2     4
   74     1     1
   75    18    13
   76    44    42
   77    45    48
   78    50    45
   79    19    18
   80    29    34
   81    40    39
   82     8     3
   83    33    36
   84    39    41
   85    27    29
   86    19    15
   87    36    31
   88     1     6
   89    43    46
   90    19    15
   91     1     2
   92    45    40
   93    40    42
   94     8     7
   95    50    48
   96    21    21
   97     6     9
   98     4     4
   99    48    50
  100    36    40
396
