500
    1   228   218
    2   105    95
    3   429   419
    4   677   667
    5    15     5
    6   187   177
    7   436   426
    8   331   321
    9    25    15
   10   732   722
   11   474   464
   12   984   974
   13   538   528
   14   532   522
   15   828   818
   16   802   792
   17   770   760
   18   817   807
   19   731   721
   20   673   663
   21   920   910
   22   874   864
   23   468   458
   24   674   664
   25   713   703
   26   230   220
   27   581   571
   28   321   311
   29   777   767
   30   514   504
   31   101    91
   32   707   697
   33   282   272
   34   537   527
   35   817   807
   36   121   111
   37   734   724
   38    69    59
   39   559   549
   40   264   254
   41   674   664
   42   956   946
   43    88    78
   44   782   772
   45   457   447
   46   247   237
   47   767   757
   48   991   981
   49   329   319
   50   956   946
   51   217   207
   52   717   707
   53   911   901
   54   443   433
   55   736   726
   56    86    76
   57   570   560
   58   621   611
   59   456   446
   60   663   653
   61   390   380
   62   408   398
   63   852   842
   64   231   221
   65   256   246
   66   999   989
   67   918   908
   68   766   756
   69   313   303
   70   254   244
   71   386   376
   72    92    82
   73   665   655
   74   860   850
   75   957   947
   76  1006   996
   77   689   679
   78   665   655
   79   807   797
   80   786   776
   81    12     2
   82    79    69
   83   930   920
   84   860   850
   85   675   665
   86   124   114
   87   822   812
   88   802   792
   89   692   682
   90   205   195
   91   963   953
   92   146   136
   93   550   540
   94   615   605
   95   482   472
   96   155   145
   97    60    50
   98    55    45
   99   833   823
  100   400   390
  101   347   337
  102   266   256
  103    33    23
  104  1009   999
  105   826   816
  106   718   708
  107   509   499
  108   908   898
  109   797   787
  110   279   269
  111   608   598
  112   985   975
  113   990   980
  114    37    27
  115   475   465
  116   587   577
  117    81    71
  118   643   633
  119   723   713
  120   242   232
  121   465   455
  122   835   825
  123    91    81
  124   541   531
  125   444   434
  126   292   282
  127   419   409
  128   684   674
  129   952   942
  130   837   827
  131   605   595
  132   860   850
  133   721   711
  134   756   746
  135   839   829
  136    12     2
  137   297   287
  138   983   973
  139   250   240
  140    68    58
  141   970   960
  142   196   186
  143   950   940
  144   854   844
  145   115   105
  146   780   770
  147   816   806
  148   388   378
  149   668   658
  150   289   279
  151   337   327
  152   625   615
  153   943   933
  154   777   767
  155   228   218
  156   924   914
  157   485   475
  158   987   977
  159   643   633
  160   934   924
  161   802   792
  162   374   364
  163   134   124
  164    69    59
  165   943   933
  166   720   710
  167   322   312
  168   569   559
  169   866   856
  170   772   762
  171   506   496
  172   395   385
  173    60    50
  174   101    91
  175   725   715
  176   942   932
  177   519   509
  178   839   829
  179   148   138
  180  1005   995
  181   281   271
  182   165   155
  183   525   515
  184   836   826
  185   209   199
  186   468   458
  187    24    14
  188   355   345
  189   373   363
  190   807   797
  191   958   948
  192   573   563
  193   838   828
  194   324   314
  195   809   799
  196   407   397
  197   953   943
  198   891   881
  199   277   267
  200   459   449
  201   594   584
  202   927   917
  203   449   439
  204   940   930
  205   519   509
  206   109    99
  207   113   103
  208   932   922
  209   366   356
  210   458   448
  211   675   665
  212    66    56
  213   348   338
  214    73    63
  215   331   321
  216    15     5
  217   291   281
  218   681   671
  219   574   564
  220   791   781
  221   255   245
  222   636   626
  223   944   934
  224   805   795
  225   494   484
  226    44    34
  227   738   728
  228   254   244
  229  1010  1000
  230   345   335
  231   851   841
  232    16     6
  233   180   170
  234   374   364
  235   450   440
  236   292   282
  237   846   836
  238    65    55
  239   989   979
  240   718   708
  241   532   522
  242   200   190
  243   297   287
  244   957   947
  245   736   726
  246    25    15
  247   919   909
  248   350   340
  249   242   232
  250   242   232
  251   511   501
  252   419   409
  253   288   278
  254   375   365
  255   140   130
  256   689   679
  257   527   517
  258   890   880
  259   532   522
  260   807   797
  261    14     4
  262   893   883
  263    34    24
  264   490   480
  265   267   257
  266   115   105
  267   737   727
  268    45    35
  269   365   355
  270   772   762
  271   495   485
  272   390   380
  273   430   420
  274   407   397
  275    19     9
  276   820   810
  277  1010  1000
  278   730   720
  279   981   971
  280   860   850
  281   816   806
  282   541   531
  283   777   767
  284    51    41
  285   420   410
  286   532   522
  287   520   510
  288   718   708
  289   334   324
  290   771   761
  291   419   409
  292   717   707
  293   603   593
  294   892   882
  295   884   874
  296   158   148
  297   213   203
  298   803   793
  299   763   753
  300   501   491
  301   362   352
  302   955   945
  303   961   951
  304   833   823
  305   622   612
  306    82    72
  307   109    99
  308   226   216
  309   606   596
  310   335   325
  311    89    79
  312   487   477
  313   371   361
  314   588   578
  315   128   118
  316   612   602
  317    62    52
  318   766   756
  319    78    68
  320   336   326
  321   262   252
  322   617   607
  323   259   249
  324   428   418
  325   459   449
  326   361   351
  327   774   764
  328   320   310
  329   558   548
  330   803   793
  331   891   881
  332   272   262
  333    87    77
  334   578   568
  335  1008   998
  336   779   769
  337   906   896
  338   637   627
  339   994   984
  340   612   602
  341   687   677
  342   357   347
  343   518   508
  344    17     7
  345   293   283
  346   341   331
  347   246   236
  348   769   759
  349   531   521
  350   826   816
  351    75    65
  352   443   433
  353   947   937
  354   458   448
  355   106    96
  356   633   623
  357    91    81
  358   697   687
  359   836   826
  360    83    73
  361   360   350
  362   118   108
  363   637   627
  364   896   886
  365   425   415
  366   492   482
  367   353   343
  368    40    30
  369   381   371
  370   748   738
  371   638   628
  372   220   210
  373   763   753
  374   856   846
  375   898   888
  376   431   421
  377   988   978
  378   586   576
  379   530   520
  380    46    36
  381   383   373
  382   971   961
  383    35    25
  384   762   752
  385   473   463
  386   424   414
  387   489   479
  388   855   845
  389   870   860
  390   351   341
  391   450   440
  392   228   218
  393   464   454
  394   727   717
  395   246   236
  396   211   201
  397   971   961
  398   941   931
  399    62    52
  400   691   681
  401   547   537
  402   627   617
  403   421   411
  404   328   318
  405   395   385
  406   299   289
  407   511   501
  408  1005   995
  409   699   689
  410   777   767
  411   413   403
  412   783   773
  413   109    99
  414   894   884
  415   298   288
  416   506   496
  417   916   906
  418   937   927
  419   718   708
  420   930   920
  421   953   943
  422   432   422
  423   724   714
  424   520   510
  425   595   585
  426   620   610
  427   273   263
  428   780   770
  429   898   888
  430   386   376
  431   620   610
  432    41    31
  433   297   287
  434    94    84
  435   756   746
  436   340   330
  437   294   284
  438   978   968
  439   499   489
  440   942   932
  441   126   116
  442   196   186
  443   125   115
  444   569   559
  445   394   384
  446    78    68
  447   164   154
  448   975   965
  449   408   398
  450   463   453
  451   508   498
  452   662   652
  453   448   438
  454   175   165
  455   446   436
  456   984   974
  457   596   586
  458   247   237
  459   835   825
  460   519   509
  461   882   872
  462   927   917
  463   287   277
  464   422   412
  465   825   815
  466   657   647
  467   167   157
  468   906   896
  469   166   156
  470   786   776
  471   312   302
  472   519   509
  473   962   952
  474   793   783
  475   598   588
  476    63    53
  477   913   903
  478   936   926
  479   461   451
  480   629   619
  481    42    32
  482   440   430
  483   648   638
  484   416   406
  485   686   676
  486   177   167
  487   692   682
  488   219   209
  489   487   477
  490    78    68
  491   351   341
  492    89    79
  493   990   980
  494   183   173
  495   474   464
  496   566   556
  497   329   319
  498   768   758
  499   249   239
  500   488   478
129323
