100
    1    41    31
    2    52    42
    3    52    42
    4    52    42
    5    16     6
    6    28    18
    7    35    25
    8    28    18
    9    24    14
   10    37    27
   11    23    13
   12    17     7
   13    35    25
   14    27    17
   15    51    41
   16    29    19
   17    29    19
   18    54    44
   19    22    12
   20    44    34
   21    35    25
   22    47    37
   23    47    37
   24    37    27
   25    20    10
   26    59    49
   27    46    36
   28    40    30
   29    16     6
   30    19     9
   31    56    46
   32    60    50
   33    17     7
   34    40    30
   35    28    18
   36    48    38
   37    39    29
   38    46    36
   39    18     8
   40    29    19
   41    11     1
   42    13     3
   43    13     3
   44    19     9
   45    48    38
   46    50    40
   47    60    50
   48    56    46
   49    42    32
   50    17     7
   51    30    20
   52    30    20
   53    34    24
   54    44    34
   55    17     7
   56    57    47
   57    25    15
   58    46    36
   59    57    47
   60    38    28
   61    29    19
   62    21    11
   63    37    27
   64    16     6
   65    45    35
   66    34    24
   67    45    35
   68    35    25
   69    16     6
   70    49    39
   71    25    15
   72    13     3
   73    58    48
   74    45    35
   75    24    14
   76    43    33
   77    12     2
   78    18     8
   79    40    30
   80    57    47
   81    13     3
   82    28    18
   83    23    13
   84    39    29
   85    58    48
   86    59    49
   87    19     9
   88    13     3
   89    35    25
   90    38    28
   91    16     6
   92    21    11
   93    31    21
   94    46    36
   95    25    15
   96    44    34
   97    41    31
   98    22    12
   99    12     2
  100    47    37
407
