100
    1     5     5
    2    50    46
    3    42    46
    4    26    27
    5     6     8
    6    15    15
    7    29    31
    8    48    45
    9    43    43
   10    26    22
   11    40    45
   12    33    29
   13    50    46
   14    11     6
   15    29    28
   16    23    28
   17    44    45
   18    33    38
   19    13    11
   20    39    40
   21    27    27
   22    11    11
   23     1     6
   24    11    14
   25     1     6
   26    32    36
   27    23    28
   28    49    45
   29     1     5
   30    39    37
   31    35    33
   32     4     7
   33     5     7
   34    43    39
   35    51    50
   36    35    37
   37    16    12
   38    29    30
   39     4     6
   40     9     6
   41     3     1
   42    27    27
   43    45    40
   44    21    23
   45    41    39
   46     7     8
   47    13     9
   48    31    29
   49    19    19
   50     6     2
   51    10     6
   52    11    12
   53    44    43
   54    25    24
   55    22    20
   56    27    25
   57    42    39
   58    41    42
   59    43    44
   60    12     8
   61    44    42
   62    28    28
   63    49    49
   64    31    36
   65     6     1
   66    26    22
   67    10    14
   68    49    50
   69     7    10
   70    28    33
   71    42    45
   72     5     9
   73    52    48
   74    11    11
   75     6     3
   76     7    12
   77    24    26
   78    40    41
   79    36    32
   80    34    32
   81     8     3
   82    48    45
   83    32    30
   84    36    41
   85    36    33
   86    34    35
   87    15    19
   88    13    16
   89    29    30
   90    14    11
   91    27    32
   92    43    48
   93    51    48
   94    19    21
   95    15    20
   96    38    33
   97    10     5
   98     2     2
   99    41    44
  100    47    44
2175
