100
    1    60    50
    2    28    18
    3    36    26
    4    11     1
    5    36    26
    6    28    18
    7    39    29
    8    54    44
    9    24    14
   10    56    46
   11    28    18
   12    25    15
   13    11     1
   14    26    16
   15    40    30
   16    12     2
   17    53    43
   18    57    47
   19    26    16
   20    13     3
   21    32    22
   22    31    21
   23    57    47
   24    59    49
   25    20    10
   26    19     9
   27    42    32
   28    30    20
   29    43    33
   30    41    31
   31    29    19
   32    54    44
   33    53    43
   34    42    32
   35    22    12
   36    34    24
   37    11     1
   38    33    23
   39    34    24
   40    18     8
   41    17     7
   42    60    50
   43    30    20
   44    21    11
   45    56    46
   46    52    42
   47    35    25
   48    48    38
   49    11     1
   50    11     1
   51    52    42
   52    53    43
   53    18     8
   54    22    12
   55    48    38
   56    18     8
   57    48    38
   58    58    48
   59    35    25
   60    47    37
   61    60    50
   62    43    33
   63    16     6
   64    48    38
   65    26    16
   66    12     2
   67    35    25
   68    29    19
   69    14     4
   70    48    38
   71    51    41
   72    31    21
   73    32    22
   74    31    21
   75    41    31
   76    45    35
   77    54    44
   78    21    11
   79    49    39
   80    22    12
   81    37    27
   82    24    14
   83    48    38
   84    54    44
   85    16     6
   86    46    36
   87    50    40
   88    57    47
   89    13     3
   90    47    37
   91    19     9
   92    33    23
   93    12     2
   94    35    25
   95    50    40
   96    29    19
   97    29    19
   98    35    25
   99    22    12
  100    24    14
831
