500
    1     5     5
    2    50    46
    3    42    46
    4    26    27
    5     6     8
    6    15    15
    7    29    31
    8    48    45
    9    43    43
   10    26    22
   11    40    45
   12    33    29
   13    50    46
   14    11     6
   15    29    28
   16    23    28
   17    44    45
   18    33    38
   19    13    11
   20    39    40
   21    27    27
   22    11    11
   23     1     6
   24    11    14
   25     1     6
   26    32    36
   27    23    28
   28    49    45
   29     1     5
   30    39    37
   31    35    33
   32     4     7
   33     5     7
   34    43    39
   35    51    50
   36    35    37
   37    16    12
   38    29    30
   39     4     6
   40     9     6
   41     3     1
   42    27    27
   43    45    40
   44    21    23
   45    41    39
   46     7     8
   47    13     9
   48    31    29
   49    19    19
   50     6     2
   51    10     6
   52    11    12
   53    44    43
   54    25    24
   55    22    20
   56    27    25
   57    42    39
   58    41    42
   59    43    44
   60    12     8
   61    44    42
   62    28    28
   63    49    49
   64    31    36
   65     6     1
   66    26    22
   67    10    14
   68    49    50
   69     7    10
   70    28    33
   71    42    45
   72     5     9
   73    52    48
   74    11    11
   75     6     3
   76     7    12
   77    24    26
   78    40    41
   79    36    32
   80    34    32
   81     8     3
   82    48    45
   83    32    30
   84    36    41
   85    36    33
   86    34    35
   87    15    19
   88    13    16
   89    29    30
   90    14    11
   91    27    32
   92    43    48
   93    51    48
   94    19    21
   95    15    20
   96    38    33
   97    10     5
   98     2     2
   99    41    44
  100    47    44
  101    43    47
  102    36    36
  103    36    38
  104    17    16
  105    48    49
  106     2     2
  107    35    37
  108     6     4
  109    51    50
  110     2     1
  111    20    24
  112     8     9
  113    48    45
  114    39    37
  115    36    39
  116    14    12
  117    18    21
  118    31    29
  119    13     9
  120     1     2
  121    49    49
  122    11     6
  123    42    45
  124     3     6
  125    23    23
  126    15    14
  127    26    23
  128    38    43
  129     1     6
  130    40    35
  131    50    45
  132    30    31
  133     9     8
  134    18    18
  135    35    36
  136    21    18
  137    48    49
  138    17    14
  139    15    17
  140     9     4
  141     1     1
  142    21    24
  143    42    37
  144    26    27
  145     6     1
  146    45    46
  147    12    10
  148    32    33
  149    41    46
  150    51    48
  151    24    23
  152    18    14
  153    26    31
  154    17    22
  155    27    31
  156    51    48
  157    50    50
  158    49    47
  159    50    45
  160    45    41
  161     7     9
  162    13    16
  163    37    40
  164    32    35
  165    19    23
  166    33    36
  167    23    20
  168    38    37
  169    46    47
  170    45    43
  171    42    44
  172    20    25
  173    27    24
  174    33    33
  175     3     4
  176    46    44
  177    21    24
  178     3     1
  179     9     4
  180    44    41
  181    54    49
  182    53    48
  183    50    46
  184    30    30
  185    44    44
  186    21    17
  187     6     8
  188    31    35
  189    26    25
  190    24    25
  191    17    22
  192    32    36
  193    38    34
  194    33    38
  195    45    45
  196    43    47
  197    34    33
  198    31    33
  199    50    50
  200    11     7
  201    46    46
  202    17    18
  203     2     4
  204    44    48
  205    12    10
  206    21    16
  207    27    30
  208     7     5
  209    22    25
  210    18    21
  211     3     2
  212    38    37
  213    28    28
  214     3     4
  215    34    35
  216    20    17
  217    19    14
  218    12    17
  219    25    29
  220    47    48
  221    36    33
  222    54    50
  223     2     7
  224    30    31
  225    17    17
  226    12    17
  227     5     1
  228    12    17
  229    22    21
  230    26    24
  231    33    35
  232    41    38
  233    40    40
  234    49    46
  235    42    41
  236    16    11
  237    19    19
  238    45    41
  239     1     2
  240    18    22
  241     6     3
  242     5     7
  243     7     3
  244    17    19
  245    13    12
  246    11     6
  247     4     5
  248    29    27
  249    22    18
  250    19    20
  251    31    26
  252     1     4
  253    15    16
  254     5     7
  255    28    31
  256    35    38
  257    34    30
  258    27    32
  259    45    43
  260    24    26
  261    21    21
  262    33    31
  263    39    38
  264    17    12
  265    14    15
  266    29    31
  267    48    46
  268    16    17
  269    53    50
  270    22    19
  271    41    43
  272    46    47
  273    16    15
  274     5     2
  275     3     1
  276    35    32
  277    35    34
  278    36    34
  279    26    22
  280    37    34
  281    32    34
  282    27    30
  283     8     5
  284    36    32
  285    17    12
  286    37    40
  287    19    17
  288    11    12
  289    31    28
  290    27    32
  291    45    50
  292     1     1
  293     9    12
  294    12    13
  295    51    48
  296    14    10
  297    19    14
  298    22    20
  299    14     9
  300    35    31
  301    11    14
  302     1     2
  303    30    33
  304    47    43
  305    16    21
  306    40    45
  307    29    33
  308    35    31
  309    10    13
  310    10     5
  311    41    37
  312    36    32
  313    27    22
  314    20    23
  315    18    19
  316    45    48
  317     8     6
  318    29    33
  319    33    38
  320     9    12
  321     7     2
  322    15    14
  323    41    45
  324    30    34
  325     5     7
  326    17    19
  327    14    19
  328    41    36
  329    17    21
  330    21    24
  331    47    43
  332    23    25
  333    39    40
  334    41    42
  335    30    25
  336     1     1
  337    40    44
  338    44    44
  339    35    40
  340    49    49
  341    26    27
  342    14    14
  343    38    41
  344     1     4
  345    48    46
  346    21    24
  347    35    33
  348    42    43
  349    28    23
  350     5     3
  351    25    20
  352     5    10
  353     4     8
  354     9     4
  355    10    10
  356     6     4
  357    18    21
  358    36    41
  359     2     6
  360    13    18
  361    16    15
  362    42    40
  363    11    12
  364    41    40
  365    28    25
  366    15    11
  367    35    32
  368    15    16
  369     4     5
  370    42    38
  371    36    31
  372    40    45
  373    22    25
  374     7    10
  375    18    14
  376    42    47
  377    52    48
  378    20    17
  379    48    43
  380     4     4
  381    21    18
  382     1     1
  383     1     2
  384    30    27
  385    15    13
  386     2     1
  387    22    25
  388    35    36
  389    44    45
  390    53    50
  391    46    50
  392    17    17
  393     5     8
  394    44    42
  395    30    32
  396    34    29
  397    35    31
  398    10    13
  399    34    38
  400    39    39
  401    49    48
  402    41    37
  403    36    39
  404     3     1
  405    43    48
  406    42    38
  407     1     5
  408    30    28
  409     9     8
  410    26    28
  411    18    20
  412    47    43
  413    44    44
  414     9     4
  415    33    29
  416    16    18
  417    43    40
  418    50    50
  419     6     6
  420    47    49
  421    12    17
  422     9    10
  423    37    33
  424     1     3
  425    35    30
  426    53    49
  427    19    24
  428    29    33
  429    13    14
  430    40    35
  431    30    34
  432     6    11
  433    20    21
  434    42    38
  435    13    14
  436    24    26
  437     1     1
  438    21    17
  439    12    13
  440     3     6
  441    22    23
  442     9     6
  443    17    13
  444    22    17
  445    27    27
  446    36    39
  447    34    36
  448    43    44
  449    10     8
  450    36    40
  451     1     6
  452    36    35
  453    33    36
  454    19    21
  455     9    10
  456    24    20
  457    37    42
  458    19    24
  459    44    47
  460    12     9
  461    14    15
  462    25    25
  463    24    25
  464     1     2
  465    25    30
  466    42    41
  467    39    44
  468    31    35
  469    40    36
  470    40    39
  471    22    24
  472    31    28
  473    46    50
  474    26    25
  475    45    47
  476     5     3
  477    31    30
  478    21    16
  479    30    28
  480    41    40
  481    47    43
  482    45    48
  483    31    31
  484    35    37
  485    36    41
  486    30    25
  487    28    32
  488     6     8
  489    22    21
  490    35    34
  491    47    48
  492    40    39
  493    39    44
  494    19    19
  495    14    16
  496    25    22
  497     7     7
  498    22    26
  499    40    36
  500     1     2
10820
