100
    1   301   281
    2   448   442
    3   310   356
    4   425   425
    5   240   214
    6   251   263
    7    49    75
    8    39    41
    9   323   319
   10   269   312
   11   366   325
   12   265   237
   13   346   310
   14   348   386
   15   332   306
   16   326   346
   17   176   207
   18   163   118
   19   172   179
   20   174   208
   21    82    51
   22   495   453
   23   215   238
   24   458   500
   25   192   182
   26   438   470
   27   284   324
   28   164   157
   29   268   315
   30   535   497
   31   379   419
   32   195   177
   33   244   285
   34   372   335
   35   271   306
   36    42    15
   37    90    98
   38   144   114
   39   184   202
   40   152   180
   41   347   353
   42    25    63
   43   461   448
   44   209   159
   45   154   125
   46   158   156
   47   444   471
   48   400   415
   49   463   481
   50   216   202
   51   509   468
   52   102   134
   53   441   447
   54   212   182
   55   237   246
   56   135   121
   57   273   279
   58   409   380
   59   266   306
   60   436   468
   61    87   110
   62   399   384
   63   311   277
   64    28    24
   65   377   333
   66   251   218
   67   229   258
   68   473   500
   69   170   214
   70   451   455
   71   116    75
   72   247   279
   73   338   304
   74   112   101
   75   403   413
   76   259   242
   77   187   148
   78   329   345
   79   386   418
   80   439   484
   81   147   139
   82    29     3
   83   432   436
   84   532   491
   85   188   179
   86   129   115
   87   295   281
   88   341   306
   89    96    96
   90   186   165
   91   422   402
   92   277   290
   93   259   242
   94    96    57
   95   333   298
   96   447   471
   97    94    59
   98   461   454
   99   351   350
  100   402   390
4563
