100
    1   510   500
    2   428   418
    3   786   776
    4   661   651
    5   536   526
    6   678   668
    7    89    79
    8   754   744
    9   874   864
   10   656   646
   11   528   518
   12   175   165
   13   811   801
   14   976   966
   15   690   680
   16   962   952
   17   203   193
   18   357   347
   19   776   766
   20   313   303
   21   282   272
   22   781   771
   23   857   847
   24   809   799
   25   170   160
   26   769   759
   27   642   632
   28   880   870
   29   643   633
   30   941   931
   31   979   969
   32   954   944
   33   403   393
   34   692   682
   35   222   212
   36   184   174
   37   711   701
   38   233   223
   39   484   474
   40   568   558
   41   867   857
   42   360   350
   43   430   420
   44    21    11
   45   506   496
   46   602   592
   47   485   475
   48   798   788
   49    11     1
   50   511   501
   51   502   492
   52    53    43
   53   968   958
   54   822   812
   55   798   788
   56   518   508
   57   948   938
   58   608   598
   59   885   875
   60   447   437
   61   160   150
   62    43    33
   63   866   856
   64   598   588
   65    26    16
   66   362   352
   67    35    25
   68    29    19
   69   314   304
   70   898   888
   71   551   541
   72   131   121
   73   482   472
   74   231   221
   75   291   281
   76   845   835
   77   354   344
   78   221   211
   79   749   739
   80   322   312
   81   437   427
   82    74    64
   83   848   838
   84   404   394
   85   316   306
   86   496   486
   87   900   890
   88    57    47
   89   413   403
   90   297   287
   91   969   959
   92   233   223
   93   112   102
   94   635   625
   95   800   790
   96   579   569
   97   429   419
   98   835   825
   99    22    12
  100   424   414
16965
