500
    1   617   655
    2   959   896
    3   255   346
    4  1009   927
    5   473   508
    6   121   165
    7  1079   981
    8    92    95
    9   965   893
   10   792   822
   11  1012   995
   12   644   679
   13   567   596
   14   232   256
   15   167   228
   16   493   528
   17   613   645
   18   203   188
   19   880   961
   20   827   890
   21   203   277
   22    68    11
   23   203   156
   24   522   514
   25   972   956
   26   595   636
   27  1010   978
   28   869   795
   29   717   805
   30   559   587
   31   118    33
   32     1     7
   33   667   707
   34   375   289
   35   350   300
   36   334   237
   37   204   212
   38   290   280
   39   122   156
   40    96   106
   41    53   151
   42   304   277
   43   266   190
   44   249   273
   45   259   239
   46   638   558
   47   571   609
   48   111    29
   49    82   119
   50   250   252
   51   233   206
   52   329   412
   53   475   493
   54   664   624
   55   456   520
   56   130    75
   57   576   489
   58   828   742
   59   659   644
   60   985   958
   61   556   492
   62   216   278
   63   480   399
   64   416   486
   65    92    51
   66   529   472
   67    97   164
   68   859   850
   69   772   860
   70   308   333
   71   773   845
   72   454   409
   73   520   598
   74     1    11
   75   994   903
   76   314   412
   77     1    26
   78   524   591
   79    30    32
   80   745   782
   81   317   253
   82   655   745
   83   899   930
   84  1017   941
   85   453   533
   86   595   685
   87   351   319
   88   827   816
   89   716   730
   90    19   111
   91   248   332
   92     1    48
   93   275   348
   94   973   971
   95   199   120
   96   330   233
   97   982   905
   98   469   452
   99   843   844
  100   171   144
  101  1012   997
  102    27    36
  103  1037   938
  104   417   516
  105   856   849
  106   355   302
  107   613   687
  108   875   854
  109   167   150
  110   704   801
  111   713   674
  112   701   659
  113   933   945
  114    59    37
  115   585   589
  116    61    62
  117   792   871
  118   400   429
  119   570   609
  120   298   352
  121   685   599
  122   797   756
  123  1047   995
  124   847   906
  125   725   773
  126   720   714
  127   970   923
  128   599   543
  129   295   306
  130   535   535
  131   160   145
  132  1068   981
  133   436   358
  134   804   868
  135  1015   936
  136   518   618
  137   715   649
  138   380   414
  139   149   117
  140   687   704
  141   313   251
  142   717   724
  143   925   887
  144   388   427
  145    94     1
  146    17    46
  147   482   510
  148   218   183
  149   654   696
  150   298   398
  151    87   173
  152   758   764
  153     1    81
  154   781   872
  155   272   281
  156   400   348
  157   480   550
  158   907   947
  159   906   945
  160   867   841
  161   179   209
  162   175   166
  163   880   790
  164  1055   985
  165   626   673
  166   959   886
  167   721   770
  168   301   387
  169  1016   997
  170   317   293
  171   155   194
  172   138   225
  173   883   824
  174   703   633
  175   197   254
  176   453   494
  177   238   174
  178   649   701
  179   682   654
  180   497   591
  181   545   499
  182   386   448
  183   601   596
  184   609   580
  185   342   344
  186   901   817
  187   509   558
  188   884   885
  189   465   375
  190   530   525
  191   889   922
  192   316   286
  193    75    84
  194   110   188
  195   820   745
  196   805   797
  197   754   683
  198   459   433
  199   574   550
  200   170   257
  201     1    46
  202   344   368
  203   225   254
  204   791   698
  205   576   510
  206    76    16
  207   528   480
  208   243   205
  209   787   775
  210   842   921
  211   745   652
  212   682   687
  213   794   878
  214   847   804
  215   507   485
  216   527   567
  217   837   764
  218   912   967
  219   320   329
  220   467   398
  221   567   633
  222  1053  1000
  223  1034   957
  224   870   831
  225   730   667
  226   791   767
  227   400   451
  228   642   617
  229   613   671
  230   531   574
  231   814   885
  232   601   538
  233   663   740
  234   741   746
  235   236   241
  236   743   811
  237   269   269
  238   491   441
  239     1    52
  240    22    72
  241   792   853
  242    72   107
  243  1031   953
  244   887   919
  245   442   362
  246   719   706
  247   337   305
  248    26    77
  249   218   268
  250    28    20
  251   640   626
  252    13    54
  253   285   316
  254   872   957
  255   356   331
  256   753   788
  257   424   480
  258   256   232
  259    25    43
  260   105    76
  261   261   171
  262   920   981
  263   263   238
  264     1    62
  265   518   615
  266   881   881
  267   817   746
  268   850   867
  269   138   100
  270   348   419
  271    14    43
  272   502   447
  273   422   415
  274     1     2
  275   918   901
  276   273   182
  277   490   534
  278     1    34
  279   310   272
  280   913   984
  281   978   984
  282   741   830
  283  1017   955
  284   533   582
  285   380   312
  286   214   140
  287   517   467
  288   820   812
  289   960   928
  290   962   982
  291   662   650
  292   654   751
  293   216   312
  294     1    13
  295   522   498
  296   603   510
  297   423   414
  298   853   870
  299     1     9
  300   701   731
  301   104   164
  302   801   702
  303   974   933
  304   956   993
  305    70    71
  306   877   895
  307   872   783
  308   551   581
  309   385   363
  310    66   155
  311   357   337
  312   598   582
  313    87   122
  314   240   173
  315   540   569
  316   234   198
  317   374   356
  318    87   133
  319   724   638
  320   745   712
  321   398   302
  322    24   114
  323   556   495
  324   301   234
  325   686   757
  326   155   119
  327   734   769
  328   305   386
  329   136   121
  330    37    24
  331  1015   943
  332   830   875
  333   331   340
  334   574   492
  335   388   425
  336   255   351
  337   985   994
  338   939   994
  339   164   240
  340   496   499
  341   811   777
  342   552   614
  343   624   541
  344   603   504
  345   309   296
  346   866   874
  347   762   783
  348   315   293
  349   262   273
  350   779   703
  351   422   420
  352   737   760
  353   562   608
  354   628   604
  355   557   460
  356     1     4
  357   696   771
  358   346   291
  359    23   106
  360   849   818
  361   902   865
  362     1    40
  363   311   212
  364    47    90
  365   406   325
  366   335   411
  367   530   432
  368     1    16
  369   618   555
  370  1009   938
  371   796   831
  372   851   945
  373   877   975
  374   873   810
  375   559   564
  376  1079   997
  377   242   298
  378   286   317
  379    13    43
  380     1     4
  381   728   718
  382   229   251
  383   844   852
  384   114    27
  385    49    63
  386   654   651
  387   388   375
  388   611   686
  389   660   745
  390   281   200
  391   979   950
  392   792   717
  393   550   558
  394   169   142
  395   399   432
  396   573   529
  397   456   431
  398   906   963
  399   488   538
  400   480   389
  401    91    48
  402   228   137
  403    99   189
  404   592   551
  405   105   198
  406   152    88
  407   235   205
  408   113    78
  409   646   658
  410   233   278
  411   130    70
  412   831   843
  413   195   244
  414   124   104
  415   633   679
  416   596   618
  417   342   290
  418   944  1000
  419   359   456
  420   213   199
  421   228   217
  422   875   910
  423   844   933
  424   867   803
  425   274   280
  426   821   849
  427   894   874
  428   887   983
  429   384   314
  430   842   885
  431   214   134
  432   740   661
  433   916   921
  434   525   588
  435   401   314
  436   603   676
  437   663   701
  438   551   567
  439    16   113
  440   215   306
  441   833   773
  442   450   356
  443   147    63
  444   573   617
  445     1    27
  446   405   439
  447   869   836
  448   607   644
  449   313   258
  450   444   490
  451   717   656
  452   938   985
  453   593   536
  454   197   271
  455   516   510
  456   845   870
  457   904   942
  458   472   474
  459   640   547
  460   182   109
  461   894   965
  462   491   425
  463   247   325
  464   519   602
  465   326   280
  466   922   941
  467    19    94
  468   264   185
  469   714   686
  470    22    89
  471   418   424
  472   110   178
  473   235   150
  474   279   375
  475   935   847
  476    33   103
  477   509   530
  478   784   816
  479    32    28
  480   795   890
  481   998   943
  482   351   298
  483   491   431
  484   368   337
  485   555   641
  486   113    25
  487   951   882
  488  1000   908
  489   438   521
  490   325   384
  491   617   698
  492   703   739
  493   338   344
  494   115   119
  495   350   366
  496    66   122
  497   548   507
  498    22    76
  499   246   336
  500    93   102
209570
