100
    1   271   437
    2   376   253
    3   377   175
    4   205   272
    5   491   165
    6   282   219
    7   271   254
    8   133   457
    9   460   326
   10   332   367
   11   148   357
   12   336    68
   13   180    53
   14    59   317
   15   268    94
   16   449   214
   17   179   458
   18    47    93
   19   396   438
   20   451   315
   21    43   470
   22    32    45
   23   189   205
   24   173   232
   25   390   138
   26   180   421
   27   361    35
   28   337   165
   29   123   183
   30    62    16
   31    70   303
   32    45   329
   33   317   477
   34   300    98
   35   101   301
   36    42   210
   37   286    29
   38   348   114
   39   408   321
   40   241   356
   41    73    76
   42   115   195
   43   243   331
   44   344    43
   45   104   460
   46    48   256
   47    86   479
   48    30   155
   49   266   488
   50   367   133
   51   364   272
   52    92   313
   53   428   250
   54   266    61
   55   437   154
   56   323   337
   57   248   234
   58   461   104
   59   209   453
   60   144   431
   61   145   474
   62   271   180
   63   203    13
   64    27   448
   65   304   401
   66   498    33
   67    10   342
   68   363   436
   69   394   169
   70   259   287
   71   158   403
   72   328   175
   73    42   351
   74   371   408
   75   496   281
   76    47   370
   77   447   480
   78    86   404
   79   465   254
   80   285   112
   81   500   427
   82   163   435
   83   119    28
   84   475   127
   85   302    99
   86   206   187
   87   111    89
   88   420   169
   89    25    23
   90   220   124
   91    27   398
   92   295   282
   93   263   274
   94   418   397
   95    81   337
   96   308   494
   97    90   366
   98   465    30
   99   386   393
  100   274   109
17209
