500
    1   418   500
    2   151   276
    3   168    26
    4   244    79
    5   146   364
    6   165    18
    7   466   301
    8   452   180
    9   347   193
   10   303   266
   11   271   272
   12   299   347
   13   259   160
   14   370   132
   15   431   133
   16   444   469
   17   182   393
   18   174   212
   19   223   201
   20    58   474
   21   350   357
   22    11   420
   23    92   496
   24   288   475
   25     1     1
   26    43   492
   27   312   458
   28     8   288
   29    98   438
   30   437   375
   31    33   150
   32    88   356
   33   352    16
   34    19    25
   35   388   304
   36   121    41
   37   221   472
   38   335   281
   39   211   344
   40   312   239
   41    64   427
   42   394   338
   43   486   306
   44    47   390
   45   287   403
   46   223   459
   47   125   102
   48    69   290
   49   325   419
   50   414    12
   51   147   403
   52   407   424
   53   295   381
   54   221   244
   55   100   113
   56   318   360
   57   115    33
   58   192    19
   59    56   188
   60   319   186
   61   196   129
   62   290   483
   63    54   356
   64    14   371
   65   159   292
   66   201   156
   67   481   389
   68   142   415
   69   361   404
   70   166     2
   71   405    18
   72    51    14
   73   189    50
   74    78   203
   75    63    36
   76   182   285
   77    86   387
   78   241    31
   79   180   197
   80   372   463
   81   227   466
   82   454   314
   83   110   339
   84   142   306
   85   221   422
   86    65   306
   87   262    12
   88   443   260
   89   440   302
   90    79   151
   91   474   337
   92   358    57
   93   154   317
   94    81   440
   95   320    80
   96    11   209
   97    37   289
   98   328   377
   99   377   300
  100   317   424
  101   189   281
  102   450    44
  103   183   294
  104   262   396
  105    19   109
  106   351    38
  107    78   163
  108   485    55
  109   210   443
  110   341   253
  111   162   435
  112   426   167
  113   490   349
  114   184   381
  115   290   397
  116   469    39
  117   187   415
  118   361   445
  119    26   449
  120   415   197
  121   234   388
  122   219   149
  123   394    92
  124    55     7
  125   164   461
  126   477   491
  127   141   360
  128   330   424
  129   424   219
  130   261    15
  131   375   434
  132    15   449
  133   308   111
  134   315   156
  135   198    65
  136   464   418
  137    49   497
  138   106   307
  139   303   134
  140    70   104
  141   254   179
  142   469   481
  143   230    75
  144   188   147
  145   108   485
  146   495    90
  147   453   134
  148     7   219
  149   177   361
  150   207   430
  151   317   345
  152   339   449
  153   408   186
  154    12   212
  155   401    62
  156    20   136
  157   494    74
  158   277   203
  159   340   106
  160   465   181
  161   147   177
  162   322   291
  163   142   278
  164   345   346
  165    61   389
  166   493   378
  167   319   327
  168   184   208
  169   154   250
  170   253   329
  171   367    15
  172   238   246
  173    86   109
  174   402   442
  175    27   463
  176   152   255
  177   319   222
  178   474   293
  179   242   102
  180    81    40
  181   127   467
  182    50   409
  183   361   228
  184    81   224
  185   425   289
  186   186   341
  187   253    42
  188   108   197
  189   220   280
  190   139   209
  191   113    98
  192    36   395
  193   486   152
  194   300    28
  195    40   321
  196    26   358
  197   381   436
  198   164   234
  199   279   359
  200   412    45
  201   408   379
  202   134   433
  203   492   451
  204   194   499
  205   246   375
  206    29    97
  207   331   216
  208   320   426
  209   302   471
  210   319   409
  211    89    88
  212    73   228
  213   297   343
  214   257   397
  215   272   186
  216   303   323
  217   487   452
  218   453   232
  219   164   357
  220   183    34
  221    78   358
  222    75   173
  223   364    97
  224   361   412
  225   137   168
  226   364   172
  227   368   431
  228    90    37
  229   301    43
  230   193   259
  231   372   461
  232   459   242
  233   190    45
  234   216   362
  235    32   421
  236     9   452
  237   291   101
  238   353   257
  239   414   329
  240   387   237
  241   217   217
  242   285   499
  243   346   133
  244   444   467
  245    16   130
  246   482    63
  247   364   414
  248   287   158
  249    21   344
  250   366   348
  251   448   151
  252    86   183
  253    28   141
  254   423   166
  255   221   275
  256    49    81
  257   300   392
  258   304   104
  259    95   291
  260   273    21
  261   277   347
  262   290   185
  263    60   279
  264   134   227
  265   441   195
  266    71   310
  267   318   306
  268    39   496
  269   447   353
  270   285   279
  271    74    88
  272    57   243
  273   156   352
  274   117   435
  275    86    37
  276   175   478
  277   122    87
  278   401    62
  279   179    61
  280   235   120
  281   456   169
  282   463   446
  283   107   319
  284    91    51
  285   359    84
  286   336   453
  287   124    51
  288   269   121
  289   103   437
  290    70   155
  291   355    74
  292    67    88
  293   294   232
  294    81   414
  295   206    95
  296    19   483
  297    79   398
  298   263   210
  299   169   306
  300   119   344
  301   472    64
  302   499   363
  303    16   162
  304   286    49
  305   284   195
  306    85   296
  307   171    11
  308   145   389
  309   113    48
  310   448   275
  311   164   298
  312    50    58
  313    58   302
  314   422   210
  315   496   394
  316   224   494
  317   485   445
  318   123   141
  319   390   306
  320   203   277
  321   458   486
  322   161   395
  323   157   444
  324    20   314
  325   127   113
  326   137   135
  327   494   158
  328   155   163
  329   337   442
  330   444   157
  331   295   172
  332   340   147
  333   156   333
  334   170   484
  335   149    74
  336   430   191
  337   415    35
  338   143    35
  339   366   368
  340     2   264
  341    91   297
  342   428   322
  343   343   330
  344   164   316
  345   365   224
  346   433   131
  347   159   212
  348   303   138
  349   220   393
  350   474   299
  351   433   296
  352   485   140
  353   358    68
  354    25   440
  355   190   220
  356   273    13
  357     3   427
  358   126    43
  359    92   283
  360    91   294
  361   192   422
  362    90   405
  363   167    69
  364    79   314
  365   481   230
  366    63    79
  367   155    37
  368   265   212
  369    75   387
  370   261   111
  371   464   432
  372   142   266
  373    58   260
  374   230   342
  375   384    80
  376     5     1
  377   111   367
  378    18   130
  379   192   192
  380   206   289
  381   111   347
  382   267   143
  383   479   420
  384   130   155
  385   494   131
  386   250   135
  387   361   111
  388   296   318
  389   344   106
  390   120    32
  391   324   219
  392   178   365
  393   307   275
  394   378   310
  395   354   212
  396   113   361
  397   414   432
  398     4   460
  399   196   170
  400    84     5
  401    70   280
  402    33   497
  403   424   250
  404    41   471
  405   229   354
  406   416   440
  407   408   182
  408    41   178
  409   282    42
  410    20   454
  411   272   491
  412   416   231
  413    54   185
  414   405   329
  415    31   347
  416   334    86
  417   109   267
  418   129    20
  419    58    24
  420   159   360
  421   157   181
  422   335   407
  423   182   409
  424   243   344
  425   177    96
  426     6   477
  427    10   374
  428   291    16
  429   459   494
  430   134   414
  431    39   295
  432    33   130
  433   286    78
  434   146   489
  435   142   363
  436   183     1
  437   260   406
  438   128   200
  439    57   490
  440   308   375
  441     1   462
  442   219    76
  443   437   316
  444   401   162
  445    33   151
  446   144   104
  447     1   317
  448   373    45
  449   329   479
  450   444   399
  451   196    17
  452   313    65
  453   346   237
  454   367   247
  455    87   102
  456   136   214
  457   328    39
  458   348   202
  459   417    23
  460   255   346
  461   448   345
  462   146   330
  463   256    61
  464   170   330
  465   122   180
  466   264   238
  467   218   290
  468   360   158
  469    32   450
  470   437    89
  471   112   144
  472   315   367
  473   336   458
  474   440   256
  475   425    20
  476   417   319
  477    60   339
  478   172   364
  479    81   201
  480   236   327
  481   245   363
  482   313   347
  483   478   371
  484   178     2
  485   232   465
  486   173   405
  487   454   338
  488   196   168
  489   387   129
  490   135   397
  491   157   271
  492   151   427
  493   498    61
  494   195   135
  495   371   263
  496    62   214
  497   458   187
  498   131    89
  499   296   400
  500   217    14
42672
