500
    1    95   218
    2   167   419
    3   177     5
    4   321   426
    5   222    15
    6   474   464
    7    22    28
    8   292   318
    9   307   260
   10   163   221
   11   364   410
   12   164   458
   13   220   203
   14   311    71
   15     4   267
   16   197    91
   17    27   272
   18   111   307
   19    59   224
   20   254    49
   21   446   164
   22   272    78
   23   237   447
   24   481   257
   25   446   319
   26   207   207
   27   433   401
   28    76   226
   29   111    60
   30   153   446
   31   398   380
   32   221   342
   33   489   246
   34   256   408
   35   244   303
   36    82   376
   37   350   155
   38   496   447
   39   155   179
   40   276   297
   41    69     2
   42   350   420
   43   114   165
   44   292   312
   45   195   182
   46   136   453
   47   105    40
   48   145   472
   49    45    50
   50   390   323
   51   256   337
   52   499    23
   53   208   316
   54   398   499
   55   269   287
   56   475    98
   57    27   480
   58    77   465
   59   133    71
   60   232   213
   61   325   455
   62    31    81
   63   282   434
   64   174   409
   65   327   442
   66   350    95
   67   246   211
   68     2   329
   69   473   287
   70    58   240
   71   186   460
   72   344   440
   73   270   105
   74   378   306
   75   279   158
   76   115   327
   77   267   433
   78   414   218
   79   477   475
   80   424   133
   81   364   292
   82    59   124
   83   210   433
   84    59   312
   85   262   356
   86   385   496
   87    91    50
   88   432   215
   89   329     9
   90   495   138
   91   155   271
   92   326    15
   93   458   199
   94   345    14
   95   297   363
   96    63   448
   97   314   328
   98   397   299
   99   381   443
  100   449   267
  101   417    84
  102   430   439
  103    99     9
  104   422   103
  105   448   356
  106    56   165
  107    63   338
  108     5   321
  109   171   281
  110   281    64
  111   126   245
  112   295   434
  113    34   484
  114   244   228
  115   335   500
  116     6   341
  117   364   170
  118   282   440
  119    55   336
  120   208   479
  121   190    22
  122   447   287
  123    15   226
  124   340   409
  125   232   232
  126   409     1
  127   365   278
  128   179   130
  129   380    17
  130   297    22
  131   383     4
  132   480    24
  133   105   257
  134    35   227
  135   262   355
  136   380   485
  137   397   420
  138   310     9
  139   220   500
  140   350   471
  141    31   306
  142    41   267
  143    22   410
  144   208    10
  145   261   324
  146   207   409
  147   382    93
  148   148   374
  149   293   203
  150   491   253
  151   445   352
  152   323   451
  153    72   112
  154   216    99
  155   325    96
  156   477    79
  157    78   361
  158   102   118
  159   256    52
  160   326    68
  161   107   252
  162   418   249
  163   351   449
  164   310   264
  165   293    48
  166   262   381
  167    68    77
  168   269   498
  169   127   396
  170   102   484
  171   347   177
  172     7     8
  173   331   283
  174   259   236
  175   316    21
  176   433    65
  177   448   437
  178   123    96
  179   187    81
  180    73   326
  181   108   350
  182   386   127
  183   482   415
  184    30   343
  185   238   371
  186   210   128
  187   346   253
  188   421   388
  189    76   478
  190    36    20
  191   461   373
  192   252    25
  193   414   463
  194   345   479
  195   341   360
  196   218   440
  197   217   454
  198   201   236
  199   431   461
  200   181    52
  201   117    37
  202   318   411
  203   289   385
  204   495     1
  205   267   189
  206   273   403
  207   384    99
  208   496   288
  209   427   406
  210   420   208
  211   422   443
  212    10   214
  213   110    85
  214   270   263
  215   376   388
  216    31   110
  217    84   287
  218   330   246
  219   468   284
  220   432   489
  221   186   116
  222    59   115
  223    68   384
  224   465   154
  225   453   398
  226   152   498
  227   165   438
  228   474   436
  229   237    86
  230     9   325
  231   417   372
  232   412   277
  233   147   315
  234   396   157
  235   276   156
  236     9   302
  237   283   452
  238    53    88
  239   426   403
  240   119   451
  241   430    32
  242   406   138
  243   167   176
  244   209   182
  245    68   477
  246    79   341
  247   173   480
  248    56   464
  249   258   319
  250   478   239
  251   181   245
  252   138   345
  253   457   327
  254   267   468
  255   329   422
  256     2   419
  257    28   319
  258   201    19
  259   179    42
  260    57    39
  261   490    58
  262   191   348
  263   112   265
  264   394     5
  265   253     2
  266   423   500
  267   190   389
  268   363   158
  269   248   499
  270   350   262
  271   154   342
  272   329    42
  273   289    78
  274   157    85
  275   330   120
  276   284   341
  277    67     5
  278   297   181
  279   432     3
  280   375    11
  281   396   479
  282   336   305
  283    96   198
  284   344   497
  285   107   199
  286   325    79
  287   337   254
  288   169   415
  289   216   203
  290   123    33
  291   451   497
  292   356   142
  293   230   195
  294    70   216
  295   302   165
  296   399   325
  297    63   301
  298    99   161
  299   290   412
  300   492   306
  301    36   431
  302   336   309
  303    33   188
  304    58   428
  305    76    26
  306   490    98
  307   207    38
  308    77   120
  309   373    50
  310   408   466
  311   161    80
  312   446   233
  313   419   473
  314   190   364
  315   361    16
  316   124   229
  317   422   351
  318   411   100
  319   210   417
  320   388   255
  321    87   489
  322   398   173
  323   378   294
  324   489   121
  325   391   328
  326    13   194
  327   238   464
  328   100   301
  329   274   168
  330    84   279
  331   160   326
  332   464   326
  333   365   335
  334   495   487
  335   301    88
  336   182    14
  337    28    21
  338   475    21
  339   307    95
  340    94   342
  341   152   124
  342   193   189
  343   448   464
  344   300     7
  345   185   415
  346   482    45
  347   352   402
  348   168   228
  349   409    20
  350   199   306
  351   418   299
  352    46   411
  353   494   479
  354   282   495
  355   247    31
  356   345   215
  357   392    42
  358    82    62
  359   236   493
  360   235   469
  361   452   172
  362    95   283
  363   324   283
  364   415   445
  365   478   428
  366   435   190
  367   268   335
  368   190   211
  369    75    46
  370    30    53
  371   149   334
  372   374   428
  373   311   434
  374   270   165
  375   153   447
  376     9   500
  377    12   241
  378   127   320
  379   217    78
  380   331    27
  381    36   137
  382   204   410
  383   327   167
  384   207   382
  385   154     6
  386   447   474
  387    21   302
  388   317   377
  389   181    88
  390   368   319
  391    17   193
  392   442   188
  393   403   369
  394    18   357
  395   278   119
  396    38   212
  397   471   162
  398   220   230
  399   221   293
  400    52   172
  401    43   139
  402    69   172
  403   232   332
  404   373   434
  405   366   469
  406    89   387
  407   364   356
  408   434   209
  409    82    17
  410   313   229
  411    80    81
  412   168   166
  413   499   435
  414   138   215
  415   399   458
  416   391   161
  417   310   441
  418   333   411
  419   466   335
  420   315   370
  421   166   488
  422   135   177
  423   299    20
  424   492   330
  425   390    55
  426   335   204
  427   367    41
  428   475   466
  429   228    37
  430    95   404
  431    55   241
  432   274   204
  433   491   256
  434   422   419
  435   366    77
  436   203   431
  437   297    68
  438   380   322
  439   313   428
  440   421   313
  441   229   296
  442   352    67
  443   270   398
  444   473    44
  445   358    46
  446   121   446
  447   257   323
  448   166   411
  449   378   405
  450   321   493
  451    89   435
  452   197   372
  453   107   439
  454     8   294
  455   383   341
  456   321   497
  457    97    45
  458   168   229
  459   385   134
  460   396   100
  461   209   116
  462   371    28
  463   400   316
  464   443    49
  465   387   483
  466   320   344
  467   470   225
  468    57   128
  469   396    29
  470    85   192
  471   317     7
  472   275   201
  473   340   125
  474   404   462
  475   233   398
  476   222   414
  477   213    69
  478    69    79
  479    17    15
  480   236   181
  481   270   454
  482   177   433
  483     2   186
  484   358   344
  485   444    88
  486    21   176
  487   298   289
  488   437    43
  489   212   196
  490   399   495
  491   150   349
  492   335   198
  493   390   219
  494   411   258
  495   456   297
  496   206   453
  497   111   230
  498   183   187
  499   268   379
  500   449   377
64710
