100
    1    56    55
    2    92    96
    3    86    46
    4    82    27
    5    67     8
    6    91    65
    7    19    81
    8    65    95
    9    12    93
   10    92    22
   11    41    95
   12     9    79
   13    41    96
   14   100    56
   15    41    28
   16    94    28
   17    24    45
   18    84    88
   19    32    61
   20    39    90
   21    39    77
   22    85    11
   23    42    56
   24    58    14
   25    35    56
   26    52    36
   27    90    78
   28     5    95
   29    36     5
   30    70    87
   31    35    33
   32    78     7
   33    54     7
   34    45    89
   35    57   100
   36    11    37
   37    15    12
   38     1    80
   39    60    56
   40     5     6
   41    78    51
   42    79    77
   43    71    90
   44    89    73
   45    20    39
   46    61    58
   47    66     9
   48     6    29
   49    78    19
   50    51    52
   51    73     6
   52    84    12
   53    41    93
   54    43    24
   55     6    20
   56    80    75
   57    68    89
   58    46    42
   59    94    44
   60    57    58
   61    74    92
   62    20    78
   63    23    99
   64    87    86
   65    72    51
   66    55    72
   67    67    64
   68    23    50
   69    14    60
   70    51    33
   71    39    45
   72    13     9
   73    15    98
   74    63    11
   75    12     3
   76    88    12
   77    28    26
   78    59    91
   79    54    32
   80    37    82
   81    29    53
   82    60    45
   83    19    30
   84    92    41
   85    35    33
   86    18    85
   87    40    19
   88     9    16
   89    22    30
   90    36    11
   91   100    32
   92    55    48
   93    67    48
   94    82    71
   95    66    20
   96    60    33
   97    59     5
   98    34    52
   99    90    44
  100     6    44
4175
