100
    1    18   100
    2    51    76
    3    68    26
    4    44    79
    5    46    64
    6    65    18
    7    66     1
    8    52    80
    9    47    93
   10     3    66
   11    71    72
   12    99    47
   13    59    60
   14    70    32
   15    31    33
   16    44    69
   17    82    93
   18    74    12
   19    23     1
   20    58    74
   21    50    57
   22    11    20
   23    92    96
   24    88    75
   25     1     1
   26    43    92
   27    12    58
   28     8    88
   29    98    38
   30    37    75
   31    33    50
   32    88    56
   33    52    16
   34    19    25
   35    88     4
   36    21    41
   37    21    72
   38    35    81
   39    11    44
   40    12    39
   41    64    27
   42    94    38
   43    86     6
   44    47    90
   45    87     3
   46    23    59
   47    25     2
   48    69    90
   49    25    19
   50    14    12
   51    47     3
   52     7    24
   53    95    81
   54    21    44
   55   100    13
   56    18    60
   57    15    33
   58    92    19
   59    56    88
   60    19    86
   61    96    29
   62    90    83
   63    54    56
   64    14    71
   65    59    92
   66     1    56
   67    81    89
   68    42    15
   69    61     4
   70    66     2
   71     5    18
   72    51    14
   73    89    50
   74    78     3
   75    63    36
   76    82    85
   77    86    87
   78    41    31
   79    80    97
   80    72    63
   81    27    66
   82    54    14
   83    10    39
   84    42     6
   85    21    22
   86    65     6
   87    62    12
   88    43    60
   89    40     2
   90    79    51
   91    74    37
   92    58    57
   93    54    17
   94    81    40
   95    20    80
   96    11     9
   97    37    89
   98    28    77
   99    77   100
  100    17    24
1570
