500
    1    42    31
    2    42    42
    3    18     6
    4    18    25
    5    27    14
    6     7    13
    7    17    25
    8    19    41
    9    44    19
   10    34    12
   11    37    25
   12    27    37
   13    49    10
   14    30    36
   15     9     6
   16    50    46
   17    30     7
   18    38    18
   19    36    29
   20    19     8
   21     3     1
   22     9     3
   23    40    38
   24    46    50
   25     7    32
   26    20    20
   27    34    24
   28    47     7
   29    36    15
   30    28    47
   31    11    19
   32     6    27
   33    24    35
   34    25    35
   35    39     6
   36     3    15
   37    35    48
   38    33    14
   39     8     2
   40    47    30
   41    18     3
   42    29    13
   43    49    48
   44     3     9
   45    28    25
   46    11     6
   47    36    21
   48    34    15
   49    12    31
   50    37     2
   51    39    18
   52    14    34
   53    33    47
   54     3    32
   55    32    46
   56    12    21
   57    44    29
   58    16    30
   59    30     6
   60     7    18
   61    26    10
   62    50    34
   63    33    27
   64    11    24
   65    32    33
   66     3    18
   67    25     8
   68    31    50
   69    40    14
   70    15     5
   71    25    25
   72    17    29
   73    17     4
   74    35     1
   75    46    13
   76    50    42
   77     6    48
   78    19    45
   79    42    18
   80    11    34
   81    41    39
   82    50     3
   83     1    36
   84    18    41
   85    39    29
   86    44    15
   87    34    31
   88     5     6
   89    44    46
   90     4    15
   91     2     2
   92    47    40
   93     7    42
   94     8     7
   95    36    48
   96     8    21
   97    19     9
   98    18     4
   99    22    50
  100    42    40
  101     2    29
  102    19    50
  103     8    30
  104     1    40
  105    41    13
  106     5    20
  107     2    47
  108    14    38
  109    50     4
  110    50    35
  111    47    16
  112    50     9
  113    37    23
  114    23    27
  115     4     3
  116    25    28
  117    11    19
  118    33    43
  119    48    13
  120    15     6
  121    35    45
  122    48    10
  123    32     7
  124    29    12
  125    45    49
  126     2    38
  127     8    33
  128    32    25
  129    17    28
  130    16    17
  131    16    13
  132     9    25
  133    20     6
  134     2    36
  135    33    32
  136    39    10
  137    50    33
  138     9     4
  139    37    25
  140    39    46
  141    36    11
  142    38     2
  143    45    41
  144    25    43
  145     6    47
  146    32    22
  147    25    26
  148     9     7
  149     2    10
  150    22     8
  151    38    31
  152     4    46
  153    43     1
  154    49    18
  155    34    19
  156    14     2
  157     9    30
  158     3    39
  159    31     9
  160     5    37
  161    36     3
  162    25    32
  163    26     8
  164    23    35
  165    28    31
  166    25    26
  167    21    34
  168     8    17
  169    32     3
  170    13    17
  171    28     2
  172    12    41
  173    34    42
  174    46    47
  175    31    46
  176    22    36
  177    49    50
  178    26    41
  179    48    16
  180    38    11
  181    47    43
  182    21    48
  183    41    34
  184    41     6
  185    13     6
  186     3    47
  187    19    40
  188    46    49
  189    13    31
  190    43     7
  191     6    16
  192    19    14
  193     7    42
  194     6    28
  195    32    33
  196    33    33
  197    44    25
  198    36    39
  199    34    14
  200    44    47
  201    50    28
  202    49     4
  203    46    16
  204    44    46
  205    18    18
  206    42    32
  207    29    26
  208    35    21
  209    28    37
  210    27     3
  211    15    34
  212    37    33
  213    43    42
  214     3    22
  215    17    41
  216    16    45
  217    49    18
  218    35    17
  219     1    39
  220    35    38
  221    19    49
  222    32    30
  223     9    11
  224     6    27
  225    20    29
  226    33    37
  227    30    25
  228     5    47
  229    14     1
  230    34    34
  231    36     9
  232    15     8
  233    42    32
  234    35    18
  235    45    29
  236    50     1
  237    40    43
  238     2    27
  239     1     4
  240    46    30
  241     5     3
  242    23    11
  243    26    41
  244    38     3
  245    21    42
  246    44    34
  247    14    47
  248    11     1
  249    27    12
  250    45    50
  251    16    14
  252    25    28
  253    42    46
  254    28    21
  255    12    21
  256    47    42
  257    29    16
  258    16    48
  259    18    41
  260    38     2
  261    23    37
  262    32    15
  263     7    34
  264    23    48
  265    28    39
  266    18    19
  267    45    32
  268    14    41
  269    39     6
  270    21    47
  271     1    33
  272    34    45
  273    24    33
  274    26    26
  275    41    47
  276    17     8
  277    20    18
  278    46    36
  279    35    26
  280    36    38
  281     7    16
  282    33    38
  283    11    41
  284    39     4
  285    18    28
  286    48    18
  287    12    41
  288    10    18
  289    33    20
  290    10    26
  291     8    44
  292    29    33
  293     7    28
  294    35    19
  295     1    24
  296    46    40
  297     2    46
  298    26    10
  299     7     7
  300    47    31
  301    49    48
  302    21     8
  303     8    35
  304    13    13
  305    41    23
  306    23     1
  307    42    35
  308     4     9
  309    44    45
  310    29    27
  311    18    23
  312    11    34
  313    48    32
  314    11     5
  315    32    13
  316    31    10
  317    49    46
  318    34    25
  319    11    46
  320    11    40
  321    22    34
  322    25    24
  323    37     1
  324    44     8
  325    12    49
  326    10    19
  327    49     1
  328    11    24
  329     1    15
  330    45    34
  331    23    17
  332    23    19
  333    48    30
  334    38    32
  335     4     9
  336    19    27
  337     3    48
  338    10    40
  339    26    50
  340     9    35
  341    31    21
  342     6    14
  343    39    45
  344    27    18
  345    44    26
  346    27    16
  347     9    29
  348    39     5
  349    32    17
  350    50     1
  351    49    36
  352    33    12
  353    21     8
  354    11    36
  355    26     2
  356     8    18
  357    23    13
  358    27    33
  359    39    22
  360    46    20
  361    31    21
  362    44    26
  363    11     4
  364    34    42
  365    27    31
  366    40    19
  367    43    38
  368    49    14
  369    24    29
  370     1    18
  371    22    37
  372     9     3
  373     6    35
  374    39    20
  375    16    22
  376     8     3
  377    11    42
  378    10    31
  379    26     5
  380    24    50
  381    29     6
  382    31    19
  383    22    24
  384     4    37
  385    33    49
  386    46     5
  387    42    29
  388    26    18
  389    50    31
  390    21    46
  391    32    44
  392     5     1
  393    18    30
  394    37    22
  395    21     6
  396    31     3
  397     8     1
  398    37    47
  399    22    48
  400     7    47
  401     6    30
  402    38    15
  403    15    17
  404    16    17
  405    43    40
  406     2    36
  407     1    15
  408    49    40
  409    23    18
  410    28    30
  411    13    50
  412    13    47
  413    10    26
  414    23    34
  415    12    37
  416    28     4
  417     9    42
  418    32    30
  419    41    14
  420     2    49
  421    49    17
  422    34    36
  423     8     7
  424    37    15
  425    15    38
  426    28     9
  427     4     8
  428    14     7
  429    49    10
  430    24    31
  431    14    48
  432     1     5
  433    32    49
  434    19    50
  435    17    48
  436     4    28
  437    24    43
  438    33    27
  439    42    43
  440     4    28
  441    30    27
  442    45    36
  443    47    33
  444    28    29
  445    17    15
  446    10     3
  447    36     2
  448    23    36
  449    31     2
  450    18    46
  451    46     6
  452    20     9
  453    28    34
  454    35     9
  455    48    14
  456    10    24
  457    10    40
  458    35    26
  459     6    13
  460     7    41
  461    38    17
  462    22    31
  463    11     7
  464    48     4
  465    50    36
  466     7    39
  467    15     6
  468    14    29
  469    17    22
  470    46    45
  471     8    40
  472    12    32
  473    23    42
  474    25    49
  475     8    41
  476     5    33
  477     8    50
  478    34    50
  479     2    44
  480    27    22
  481    21    23
  482     6    10
  483     3    49
  484    47     1
  485    27    43
  486    32    35
  487     9    38
  488    48    36
  489    21    21
  490    20     6
  491    15    50
  492     8     7
  493    47     2
  494    28     5
  495    37    36
  496     9    34
  497    14    45
  498    28    40
  499    31    22
  500    34    44
2147
