500
    1   742   781
    2   442   942
    3   968   856
    4   168   925
    5   377   714
    6   357   763
    7   217    75
    8   919   541
    9   694   819
   10   134   812
   11   487   825
   12   127   237
   13   299   810
   14   430   886
   15   359   306
   16  1000   846
   17    30   707
   18   238   618
   19   386   679
   20   669   208
   21   753    51
   22    59   953
   23   140   738
   24   596  1000
   25    57   682
   26   570   970
   27   384   824
   28   747   657
   29   586   315
   30    28   497
   31   861   919
   32   956   677
   33   524   785
   34   475   335
   35   339   306
   36   353   515
   37   785    98
   38   483   614
   39   958   202
   40   847   680
   41   868   853
   42   129   563
   43    49   948
   44   303   159
   45   378   125
   46   311   156
   47   836   471
   48   184   915
   49   412   981
   50   437   202
   51    39   468
   52   814   634
   53   883   947
   54   353   182
   55   932   246
   56   662   121
   57   394   279
   58   616   380
   59   480   306
   60   407   468
   61   376   610
   62    50   884
   63   633   277
   64   161   524
   65   682   833
   66   553   718
   67    25   258
   68   281  1000
   69   940   714
   70   465   955
   71   625    75
   72    67   279
   73   417   804
   74   585   601
   75   846   413
   76   750   242
   77   406   648
   78   569   845
   79   192   918
   80    11   484
   81    91   139
   82   850   503
   83   701   936
   84   918   491
   85   489   179
   86   744   115
   87   434   781
   88   955   806
   89   244    96
   90   354   165
   91   602   402
   92   697   790
   93   657   242
   94     8    57
   95    36   798
   96   458   471
   97   569   559
   98    68   954
   99   872   850
  100   992   390
  101   652   979
  102   969   650
  103   458    80
  104   601   690
  105   591   863
  106   455   220
  107   902   797
  108   964   788
  109   750   604
  110   900   135
  111   697   816
  112   250   209
  113   137    23
  114   123   227
  115    54   603
  116   125   428
  117    11   469
  118   633   643
  119   998    63
  120   315   606
  121    85   445
  122   298    10
  123   582   457
  124   579   912
  125    95   499
  126   352   288
  127   108   633
  128   982   525
  129   967   728
  130   916   317
  131   866   863
  132   359   875
  133   320   156
  134   402   586
  135   633   582
  136   739   160
  137   700   383
  138   209   604
  139   887    75
  140   289    46
  141   786   361
  142    88     2
  143   745   741
  144   475   593
  145   456   647
  146   282   772
  147    25   676
  148    59   757
  149   752   710
  150   922   108
  151   688   531
  152   854   946
  153   743   951
  154   999   518
  155   284   719
  156   564     2
  157   409   980
  158   953   289
  159   731   159
  160   605   487
  161   686   103
  162   225   332
  163   126   108
  164   573   735
  165   328   231
  166   725   876
  167    71   384
  168   408   417
  169   682   603
  170   713   867
  171   578   352
  172   662   791
  173    34   742
  174    46   647
  175   431   596
  176   872   636
  177   999   700
  178   326   491
  179   798   316
  180    88    61
  181   147   393
  182    21   998
  183   241   234
  184   941   106
  185   113   206
  186   353   247
  187   469   140
  188   796   699
  189   863   581
  190   243   707
  191   456    16
  192   319   764
  193   557   842
  194   756   578
  195   932   783
  196   833    83
  197    44   225
  198   936    39
  199   434   564
  200   144   847
  201   200    28
  202   949   454
  203   696   516
  204   394   496
  205   918   868
  206    92   982
  207   779   526
  208   335   371
  209   678    37
  210   527   303
  211   565   234
  212   637   933
  213   793   292
  214   553   722
  215   167   291
  216   766   845
  217   699   618
  218   385   717
  219   551   239
  220   435   388
  221   969   599
  222   782   230
  223   659   811
  224   756   477
  225   820   129
  226   883    37
  227   380   425
  228   205   447
  229   364   501
  230   684   884
  231   636   859
  232   315   208
  233   542    82
  234   535   568
  235    95   879
  236   700   601
  237   990   443
  238   652   927
  239   901   754
  240   346   830
  241     5   403
  242   973   361
  243   526   591
  244   488   253
  245   771   592
  246   694   784
  247   364   847
  248   211   851
  249   477   562
  250   445   650
  251   716   864
  252   225   828
  253   792   146
  254   578   171
  255   612   321
  256   597   242
  257   379   966
  258   216   998
  259   318    41
  260   488     2
  261   873   137
  262    82   715
  263   507   484
  264   873   948
  265   628   389
  266   718   119
  267   945    32
  268   214   641
  269   339   706
  270   221   297
  271   301   833
  272   784   445
  273   524   933
  274   576   976
  275   841   147
  276    67   308
  277   370   668
  278   196   136
  279   735   926
  280   786    38
  281   207   166
  282   783   588
  283   811   441
  284   839   604
  285   418   278
  286   848    18
  287   412    41
  288   560    18
  289   683   670
  290   210   276
  291   258   344
  292   779   533
  293   857    78
  294   785   419
  295   801    24
  296   946   140
  297   402   996
  298   426   260
  299   357     7
  300   247   881
  301    99   698
  302   471   108
  303   308   635
  304   513   863
  305   491   173
  306   873   301
  307   942   485
  308   404   659
  309    44   545
  310   179   777
  311   168   823
  312   461   884
  313   698   632
  314   461   555
  315   132   463
  316   131   260
  317    49   346
  318   334   875
  319   761   196
  320   711   990
  321   522   484
  322   425   424
  323   937   901
  324   244     8
  325   862   899
  326   760   269
  327   749   351
  328   711    24
  329   401   215
  330   995   534
  331   123   517
  332    23   969
  333   448   330
  334   538   482
  335   304   559
  336   869   677
  337   803    48
  338   310   240
  339   926   950
  340   909   185
  341   531   471
  342   356   764
  343   239   195
  344    27   318
  345    44   726
  346   577   216
  347   159   829
  348   439   355
  349   532   767
  350   750   101
  351   949   986
  352   233    62
  353   721   158
  354   461   386
  355   826   602
  356   508   618
  357   423   313
  358   977   833
  359   639    72
  360   446   120
  361   431   671
  362   394   526
  363    11   354
  364   934   992
  365   177   531
  366   190   969
  367    43   238
  368   149   214
  369    74   729
  370   801   168
  371   472   837
  372   909   103
  373   806    85
  374   189   520
  375   116   522
  376   308     3
  377   711   992
  378   410   131
  379   476   305
  380   274    50
  381   379   556
  382   831   569
  383   822   674
  384    54   737
  385   833   949
  386   246   105
  387   892   229
  388   276    68
  389   700   431
  390   371   246
  391   632   244
  392   105   851
  393   518   180
  394   237   572
  395   621   806
  396   381   703
  397   358   701
  398   787   497
  399   172    48
  400   807   147
  401   906   230
  402   688    15
  403   115   667
  404   516   317
  405    93   740
  406   552   686
  407   951   315
  408   649   340
  409   673   568
  410   728   180
  411   963   900
  412   163   297
  413   110   626
  414   673   134
  415   662   237
  416   278   704
  417   409   592
  418   732   630
  419   841   214
  420     2   349
  421   149   567
  422   534   636
  423   758   107
  424   687   665
  425   965   638
  426   678   559
  427   154   208
  428   914   757
  429   999   760
  430   674   731
  431   714   348
  432   101   555
  433    82   399
  434   869   250
  435   417   648
  436   354   378
  437   224   243
  438   683    77
  439   992   743
  440   504   128
  441   580   627
  442   395   586
  443   797   733
  444   828   279
  445   517    65
  446   860   453
  447   436     2
  448   273   986
  449   281   552
  450   568   496
  451   496   406
  452   120   759
  453   778   534
  454    35   509
  455    98   364
  456   760   124
  457    60   340
  458   835   176
  459   256   913
  460   807    91
  461   188   267
  462   922   631
  463   111   307
  464   398   304
  465    50   686
  466   207   939
  467   465   356
  468   664   879
  469   167   372
  470    96   295
  471   408   590
  472   162    32
  473    23   292
  474   475   549
  475   808   141
  476   805   533
  477   408   800
  478   584   150
  479   952   194
  480   927   472
  481   721   773
  482   256   760
  483   953   749
  484   997   351
  485   827   343
  486   632   135
  487   109   888
  488   148   986
  489   371   871
  490   870   606
  491   665  1000
  492   658   657
  493   797   902
  494   978   205
  495   787    36
  496   609   784
  497   114   145
  498    78   490
  499   131   422
  500   484   844
41406
