500
    1   165   155
    2   266   256
    3   406   396
    4   402   392
    5   356   346
    6   396   386
    7   437   427
    8   292   282
    9    18     8
   10    77    67
   11   175   165
   12   101    91
   13   491   481
   14    29    19
   15   105    95
   16   175   165
   17   403   393
   18   122   112
   19   332   322
   20   202   192
   21   505   495
   22   251   241
   23   189   179
   24    19     9
   25   106    96
   26   151   141
   27   266   256
   28   510   500
   29   238   228
   30   351   341
   31    38    28
   32   404   394
   33   155   145
   34    34    24
   35   198   188
   36   494   484
   37   471   461
   38   242   232
   39   400   390
   40   349   339
   41   287   277
   42   149   139
   43    21    11
   44   495   485
   45   166   156
   46   152   142
   47    24    14
   48    68    58
   49   466   456
   50   345   335
   51   146   136
   52   162   152
   53   488   478
   54   300   290
   55   305   295
   56   415   405
   57   315   305
   58   146   136
   59    97    87
   60   480   470
   61    43    33
   62   445   435
   63    17     7
   64   188   178
   65   217   207
   66   464   454
   67   299   289
   68   355   345
   69   310   300
   70   467   457
   71   247   237
   72   321   311
   73   222   212
   74   425   415
   75   290   280
   76   211   201
   77   166   156
   78   170   160
   79   116   106
   80   215   205
   81   161   151
   82    88    78
   83   287   277
   84   389   379
   85   200   190
   86   381   371
   87   283   273
   88    99    89
   89   249   239
   90   330   320
   91    68    58
   92   471   461
   93   119   109
   94    76    66
   95    39    29
   96   116   106
   97   129   119
   98   188   178
   99   262   252
  100   161   151
  101   216   206
  102   483   473
  103   422   412
  104   194   184
  105   503   493
  106   351   341
  107   134   124
  108   453   443
  109    30    20
  110   116   106
  111    85    75
  112   490   480
  113   499   489
  114   478   468
  115   252   242
  116   356   346
  117   154   144
  118   104    94
  119   468   458
  120    67    57
  121   502   492
  122   284   274
  123   288   278
  124   330   320
  125   409   399
  126   133   123
  127   496   486
  128   197   187
  129    61    51
  130   482   472
  131   482   472
  132   465   455
  133   174   164
  134   477   467
  135   360   350
  136   233   223
  137   370   360
  138   324   314
  139   343   333
  140   161   151
  141   355   345
  142   449   439
  143   419   409
  144   323   313
  145   108    98
  146   325   315
  147    21    11
  148   373   363
  149   413   403
  150   222   212
  151   422   412
  152   298   288
  153    36    26
  154   138   128
  155   101    91
  156   269   259
  157    42    32
  158   464   454
  159   292   282
  160   347   337
  161   263   253
  162   339   329
  163   255   245
  164   470   460
  165   440   430
  166   229   219
  167   451   441
  168   402   392
  169    43    33
  170    45    35
  171   195   185
  172   228   218
  173   329   319
  174   450   440
  175   326   316
  176   419   409
  177   240   230
  178   232   222
  179   121   111
  180   146   136
  181   342   332
  182   410   400
  183    58    48
  184   465   455
  185   358   348
  186    77    67
  187   481   471
  188   192   182
  189   130   120
  190   376   366
  191   243   233
  192   370   360
  193   415   405
  194    69    59
  195   462   452
  196    44    34
  197   354   344
  198   400   390
  199   154   144
  200   416   406
  201   507   497
  202   500   490
  203    46    36
  204   401   391
  205   448   438
  206   250   240
  207    26    16
  208   253   243
  209   359   349
  210   123   113
  211   312   302
  212   167   157
  213   197   187
  214   234   224
  215   364   354
  216    56    46
  217   160   150
  218   410   400
  219   311   301
  220   172   162
  221   184   174
  222   257   247
  223   169   159
  224   158   148
  225   455   445
  226   441   431
  227    47    37
  228   375   365
  229    99    89
  230   126   116
  231    72    62
  232    89    79
  233   381   371
  234   227   217
  235   439   429
  236   249   239
  237   119   109
  238   122   112
  239   362   352
  240   419   409
  241   109    99
  242   305   295
  243   266   256
  244   414   404
  245   505   495
  246   458   448
  247   416   406
  248   111   101
  249   283   273
  250   187   177
  251   224   214
  252   476   466
  253   433   423
  254   132   122
  255    53    43
  256   386   376
  257   316   306
  258   495   485
  259    45    35
  260   496   486
  261   155   145
  262   410   400
  263   491   481
  264   111   101
  265   368   358
  266   208   198
  267   378   368
  268   370   360
  269   446   436
  270   401   391
  271   128   118
  272   339   329
  273   159   149
  274   412   402
  275   424   414
  276   113   103
  277   127   117
  278    63    53
  279   214   204
  280   421   411
  281   261   251
  282    94    84
  283   234   224
  284   504   494
  285   397   387
  286   117   107
  287   437   427
  288   451   441
  289    11     1
  290   384   374
  291    56    46
  292   450   440
  293    20    10
  294   441   431
  295   193   183
  296   439   429
  297   206   196
  298   344   334
  299   408   398
  300    70    60
  301   183   173
  302   404   394
  303   274   264
  304   302   292
  305    91    81
  306   411   401
  307   382   372
  308   251   241
  309   291   281
  310    68    58
  311   358   348
  312    92    82
  313    60    50
  314   257   247
  315   457   447
  316   453   443
  317   455   445
  318   483   473
  319   351   341
  320   249   239
  321   219   209
  322   230   220
  323   176   166
  324   313   303
  325   300   290
  326   394   384
  327   495   485
  328   365   355
  329   183   173
  330   460   450
  331   396   386
  332   309   299
  333   280   270
  334    75    65
  335   397   387
  336   448   438
  337   507   497
  338    82    72
  339   303   293
  340   309   299
  341   204   194
  342   434   424
  343   235   225
  344   362   352
  345   334   324
  346   446   436
  347   143   133
  348   174   164
  349   264   254
  350   211   201
  351   504   494
  352   504   494
  353   184   174
  354   215   205
  355   211   201
  356   430   420
  357   164   154
  358    86    76
  359   101    91
  360    68    58
  361   509   499
  362    79    69
  363   458   448
  364    69    59
  365   106    96
  366    41    31
  367    90    80
  368   129   119
  369   354   344
  370   373   363
  371   327   317
  372   385   375
  373    68    58
  374    41    31
  375   395   385
  376    56    46
  377   385   375
  378   107    97
  379    35    25
  380    31    21
  381   432   422
  382   284   274
  383   296   286
  384   387   377
  385    94    84
  386   281   271
  387   198   188
  388   444   434
  389   255   245
  390    68    58
  391   307   297
  392   113   103
  393   193   183
  394    92    82
  395   443   433
  396   476   466
  397    60    50
  398   438   428
  399   267   257
  400    36    26
  401    56    46
  402   352   342
  403   378   368
  404   197   187
  405   264   254
  406   200   190
  407   208   198
  408   106    96
  409    20    10
  410   126   116
  411    26    16
  412   156   146
  413   490   480
  414   499   489
  415   215   205
  416   167   157
  417   285   275
  418   378   368
  419   431   421
  420   131   121
  421   162   152
  422   289   279
  423   197   187
  424    85    75
  425   388   378
  426   437   427
  427   314   304
  428   497   487
  429   495   485
  430    95    85
  431    77    67
  432   306   296
  433   274   264
  434   287   277
  435   477   467
  436   477   467
  437   339   329
  438   395   385
  439   408   398
  440   131   121
  441   143   133
  442   105    95
  443   510   500
  444   346   336
  445   467   457
  446   487   477
  447   341   331
  448   376   366
  449   177   167
  450   288   278
  451   277   267
  452   431   421
  453   461   451
  454   460   450
  455   127   117
  456   253   243
  457   181   171
  458   428   418
  459    84    74
  460   152   142
  461   395   385
  462   400   390
  463    48    38
  464    19     9
  465   250   240
  466   454   444
  467   256   246
  468   267   257
  469   251   241
  470   159   149
  471   321   311
  472   328   318
  473   279   269
  474   278   268
  475   451   441
  476   464   454
  477    62    52
  478   461   451
  479    82    72
  480   210   200
  481   363   353
  482    57    47
  483   117   107
  484   157   147
  485   463   453
  486   126   116
  487   429   419
  488   440   430
  489   372   362
  490   183   173
  491   216   206
  492   474   464
  493   315   305
  494   184   174
  495    87    77
  496   219   209
  497   278   268
  498    49    39
  499    30    20
  500   329   319
108488
