500
    1    41    31
    2    52    42
    3    52    42
    4    52    42
    5    16     6
    6    28    18
    7    35    25
    8    28    18
    9    24    14
   10    37    27
   11    23    13
   12    17     7
   13    35    25
   14    27    17
   15    51    41
   16    29    19
   17    29    19
   18    54    44
   19    22    12
   20    44    34
   21    35    25
   22    47    37
   23    47    37
   24    37    27
   25    20    10
   26    59    49
   27    46    36
   28    40    30
   29    16     6
   30    19     9
   31    56    46
   32    60    50
   33    17     7
   34    40    30
   35    28    18
   36    48    38
   37    39    29
   38    46    36
   39    18     8
   40    29    19
   41    11     1
   42    13     3
   43    13     3
   44    19     9
   45    48    38
   46    50    40
   47    60    50
   48    56    46
   49    42    32
   50    17     7
   51    30    20
   52    30    20
   53    34    24
   54    44    34
   55    17     7
   56    57    47
   57    25    15
   58    46    36
   59    57    47
   60    38    28
   61    29    19
   62    21    11
   63    37    27
   64    16     6
   65    45    35
   66    34    24
   67    45    35
   68    35    25
   69    16     6
   70    49    39
   71    25    15
   72    13     3
   73    58    48
   74    45    35
   75    24    14
   76    43    33
   77    12     2
   78    18     8
   79    40    30
   80    57    47
   81    13     3
   82    28    18
   83    23    13
   84    39    29
   85    58    48
   86    59    49
   87    19     9
   88    13     3
   89    35    25
   90    38    28
   91    16     6
   92    21    11
   93    31    21
   94    46    36
   95    25    15
   96    44    34
   97    41    31
   98    22    12
   99    12     2
  100    47    37
  101    28    18
  102    49    39
  103    44    34
  104    24    14
  105    57    47
  106    43    33
  107    42    32
  108    13     3
  109    56    46
  110    42    32
  111    31    21
  112    22    12
  113    39    29
  114    54    44
  115    40    30
  116    26    16
  117    16     6
  118    40    30
  119    28    18
  120    17     7
  121    20    10
  122    36    26
  123    44    34
  124    60    50
  125    37    27
  126    43    33
  127    34    24
  128    21    11
  129    43    33
  130    42    32
  131    28    18
  132    13     3
  133    18     8
  134    35    25
  135    60    50
  136    41    31
  137    24    14
  138    50    40
  139    15     5
  140    25    15
  141    35    25
  142    35    25
  143    39    29
  144    27    17
  145    14     4
  146    27    17
  147    11     1
  148    45    35
  149    23    13
  150    56    46
  151    52    42
  152    60    50
  153    58    48
  154    16     6
  155    55    45
  156    29    19
  157    28    18
  158    52    42
  159    44    34
  160    21    11
  161    49    39
  162    51    41
  163    13     3
  164    60    50
  165    46    36
  166    11     1
  167    51    41
  168    28    18
  169    39    29
  170    49    39
  171    25    15
  172    54    44
  173    41    31
  174    44    34
  175    16     6
  176    15     5
  177    56    46
  178    54    44
  179    25    15
  180    14     4
  181    12     2
  182    12     2
  183    50    40
  184    57    47
  185    52    42
  186    17     7
  187    17     7
  188    18     8
  189    58    48
  190    46    36
  191    31    21
  192    18     8
  193    19     9
  194    29    19
  195    14     4
  196    28    18
  197    60    50
  198    32    22
  199    50    40
  200    52    42
  201    39    29
  202    12     2
  203    60    50
  204    29    19
  205    40    30
  206    18     8
  207    50    40
  208    11     1
  209    23    13
  210    51    41
  211    30    20
  212    15     5
  213    57    47
  214    12     2
  215    48    38
  216    24    14
  217    14     4
  218    60    50
  219    45    35
  220    60    50
  221    26    16
  222    57    47
  223    19     9
  224    60    50
  225    33    23
  226    47    37
  227    37    27
  228    33    23
  229    13     3
  230    14     4
  231    38    28
  232    35    25
  233    29    19
  234    21    11
  235    53    43
  236    43    33
  237    23    13
  238    58    48
  239    16     6
  240    25    15
  241    55    45
  242    45    35
  243    20    10
  244    58    48
  245    17     7
  246    42    32
  247    22    12
  248    39    29
  249    59    49
  250    55    45
  251    48    38
  252    12     2
  253    43    33
  254    18     8
  255    35    25
  256    42    32
  257    38    28
  258    27    17
  259    27    17
  260    26    16
  261    23    13
  262    26    16
  263    35    25
  264    19     9
  265    16     6
  266    30    20
  267    46    36
  268    12     2
  269    42    32
  270    43    33
  271    20    10
  272    49    39
  273    43    33
  274    60    50
  275    14     4
  276    19     9
  277    35    25
  278    47    37
  279    56    46
  280    49    39
  281    21    11
  282    46    36
  283    12     2
  284    48    38
  285    51    41
  286    55    45
  287    53    43
  288    35    25
  289    57    47
  290    16     6
  291    32    22
  292    42    32
  293    36    26
  294    35    25
  295    17     7
  296    19     9
  297    20    10
  298    12     2
  299    18     8
  300    32    22
  301    41    31
  302    48    38
  303    56    46
  304    14     4
  305    11     1
  306    53    43
  307    28    18
  308    59    49
  309    29    19
  310    44    34
  311    12     2
  312    24    14
  313    40    30
  314    19     9
  315    49    39
  316    13     3
  317    19     9
  318    41    31
  319    47    37
  320    15     5
  321    13     3
  322    46    36
  323    42    32
  324    35    25
  325    18     8
  326    36    26
  327    45    35
  328    33    23
  329    41    31
  330    38    28
  331    36    26
  332    35    25
  333    44    34
  334    31    21
  335    27    17
  336    18     8
  337    13     3
  338    42    32
  339    27    17
  340    23    13
  341    12     2
  342    38    28
  343    51    41
  344    22    12
  345    52    42
  346    44    34
  347    57    47
  348    56    46
  349    56    46
  350    41    31
  351    46    36
  352    32    22
  353    60    50
  354    59    49
  355    51    41
  356    36    26
  357    26    16
  358    58    48
  359    21    11
  360    48    38
  361    53    43
  362    57    47
  363    58    48
  364    31    21
  365    44    34
  366    51    41
  367    16     6
  368    51    41
  369    16     6
  370    23    13
  371    57    47
  372    13     3
  373    50    40
  374    29    19
  375    59    49
  376    56    46
  377    41    31
  378    23    13
  379    17     7
  380    53    43
  381    26    16
  382    16     6
  383    24    14
  384    29    19
  385    52    42
  386    17     7
  387    38    28
  388    16     6
  389    43    33
  390    42    32
  391    43    33
  392    43    33
  393    35    25
  394    54    44
  395    49    39
  396    46    36
  397    24    14
  398    44    34
  399    57    47
  400    54    44
  401    38    28
  402    60    50
  403    14     4
  404    59    49
  405    26    16
  406    56    46
  407    56    46
  408    54    44
  409    28    18
  410    28    18
  411    42    32
  412    52    42
  413    36    26
  414    39    29
  415    31    21
  416    45    35
  417    47    37
  418    38    28
  419    13     3
  420    37    27
  421    44    34
  422    25    15
  423    43    33
  424    47    37
  425    52    42
  426    53    43
  427    32    22
  428    13     3
  429    51    41
  430    27    17
  431    55    45
  432    26    16
  433    28    18
  434    59    49
  435    27    17
  436    45    35
  437    49    39
  438    11     1
  439    48    38
  440    45    35
  441    59    49
  442    29    19
  443    40    30
  444    42    32
  445    21    11
  446    19     9
  447    37    27
  448    16     6
  449    39    29
  450    30    20
  451    47    37
  452    43    33
  453    35    25
  454    40    30
  455    57    47
  456    15     5
  457    11     1
  458    24    14
  459    44    34
  460    44    34
  461    19     9
  462    46    36
  463    18     8
  464    25    15
  465    42    32
  466    52    42
  467    28    18
  468    45    35
  469    39    29
  470    55    45
  471    11     1
  472    60    50
  473    53    43
  474    50    40
  475    37    27
  476    12     2
  477    14     4
  478    11     1
  479    40    30
  480    56    46
  481    13     3
  482    15     5
  483    21    11
  484    33    23
  485    51    41
  486    36    26
  487    13     3
  488    48    38
  489    52    42
  490    31    21
  491    44    34
  492    54    44
  493    57    47
  494    24    14
  495    11     1
  496    21    11
  497    22    12
  498    37    27
  499    60    50
  500    55    45
2138
