100
    1    95   218
    2   667   419
    3   177     5
    4   321   426
    5   722    15
    6   974   464
    7   522   528
    8   792   818
    9   807   760
   10   663   721
   11   864   910
   12   664   458
   13   220   703
   14   311   571
   15   504   767
   16   697    91
   17   527   272
   18   111   807
   19    59   724
   20   254   549
   21   946   664
   22   772    78
   23   237   447
   24   981   757
   25   946   319
   26   707   207
   27   433   901
   28    76   726
   29   611   560
   30   653   446
   31   398   380
   32   221   842
   33   989   246
   34   756   908
   35   244   303
   36    82   376
   37   850   655
   38   996   947
   39   655   679
   40   776   797
   41    69     2
   42   850   920
   43   114   665
   44   792   812
   45   195   682
   46   136   953
   47   605   540
   48   145   472
   49    45    50
   50   390   823
   51   256   337
   52   999    23
   53   708   816
   54   898   499
   55   269   787
   56   975   598
   57    27   980
   58   577   465
   59   633    71
   60   232   713
   61   825   455
   62   531    81
   63   282   434
   64   674   409
   65   827   942
   66   850   595
   67   746   711
   68     2   829
   69   973   287
   70    58   240
   71   186   960
   72   844   940
   73   770   105
   74   378   806
   75   279   658
   76   615   327
   77   767   933
   78   914   218
   79   977   475
   80   924   633
   81   364   792
   82    59   124
   83   710   933
   84   559   312
   85   762   856
   86   385   496
   87    91    50
   88   932   715
   89   829   509
   90   995   138
   91   155   271
   92   826   515
   93   458   199
   94   345    14
   95   797   363
   96   563   948
   97   314   828
   98   397   799
   99   881   943
  100   449   267
26891
