500
    1   242   281
    2   442   442
    3   468   356
    4   168   425
    5   377   214
    6   357   263
    7   217    75
    8   419    41
    9   194   319
   10   134   312
   11   487   325
   12   127   237
   13   299   310
   14   430   386
   15   359   306
   16   500   346
   17    30   207
   18   238   118
   19   386   179
   20   169   208
   21   253    51
   22    59   453
   23   140   238
   24    96   500
   25    57   182
   26    70   470
   27   384   324
   28   247   157
   29    86   315
   30    28   497
   31   361   419
   32   456   177
   33    24   285
   34   475   335
   35   339   306
   36   353    15
   37   285    98
   38   483   114
   39   458   202
   40   347   180
   41   368   353
   42   129    63
   43    49   448
   44   303   159
   45   378   125
   46   311   156
   47   336   471
   48   184   415
   49   412   481
   50   437   202
   51    39   468
   52   314   134
   53   383   447
   54   353   182
   55   432   246
   56   162   121
   57   394   279
   58   116   380
   59   480   306
   60   407   468
   61   376   110
   62    50   384
   63   133   277
   64   161    24
   65   182   333
   66    53   218
   67    25   258
   68   281   500
   69   440   214
   70   465   455
   71   125    75
   72    67   279
   73   417   304
   74    85   101
   75   346   413
   76   250   242
   77   406   148
   78    69   345
   79   192   418
   80    11   484
   81    91   139
   82   350     3
   83   201   436
   84   418   491
   85   489   179
   86   244   115
   87   434   281
   88   455   306
   89   244    96
   90   354   165
   91   102   402
   92   197   290
   93   157   242
   94     8    57
   95    36   298
   96   458   471
   97    69    59
   98    68   454
   99   372   350
  100   492   390
  101   152   479
  102   469   150
  103   458    80
  104   101   190
  105    91   363
  106   455   220
  107   402   297
  108   464   288
  109   250   104
  110   400   135
  111   197   316
  112   250   209
  113   137    23
  114   123   227
  115    54   103
  116   125   428
  117    11   469
  118   133   143
  119   498    63
  120   315   106
  121    85   445
  122   298    10
  123    82   457
  124    79   412
  125    95   499
  126   352   288
  127   108   133
  128   482    25
  129   467   228
  130   416   317
  131   366   363
  132   359   375
  133   320   156
  134   402    86
  135   133    82
  136   239   160
  137   200   383
  138   209   104
  139   387    75
  140   289    46
  141   286   361
  142    88     2
  143   245   241
  144   475    93
  145   456   147
  146   282   272
  147    25   176
  148    59   257
  149   252   210
  150   422   108
  151   188    31
  152   354   446
  153   243   451
  154   499    18
  155   284   219
  156    64     2
  157   409   480
  158   453   289
  159   231   159
  160   105   487
  161   186   103
  162   225   332
  163   126   108
  164    73   235
  165   328   231
  166   225   376
  167    71   384
  168   408   417
  169   182   103
  170   213   367
  171    78   352
  172   162   291
  173    34   242
  174    46   147
  175   431    96
  176   372   136
  177   499   200
  178   326   491
  179   298   316
  180    88    61
  181   147   393
  182    21   498
  183   241   234
  184   441   106
  185   113   206
  186   353   247
  187   469   140
  188   296   199
  189   363    81
  190   243   207
  191   456    16
  192   319   264
  193    57   342
  194   256    78
  195   432   283
  196   333    83
  197    44   225
  198   436    39
  199   434    64
  200   144   347
  201   200    28
  202   449   454
  203   196    16
  204   394   496
  205   418   368
  206    92   482
  207   279    26
  208   335   371
  209   178    37
  210    27   303
  211    65   234
  212   137   433
  213   293   292
  214    53   222
  215   167   291
  216   266   345
  217   199   118
  218   385   217
  219    51   239
  220   435   388
  221   469    99
  222   282   230
  223   159   311
  224   256   477
  225   320   129
  226   383    37
  227   380   425
  228   205   447
  229   364     1
  230   184   384
  231   136   359
  232   315   208
  233    42    82
  234    35    68
  235    95   379
  236   200   101
  237   490   443
  238   152   427
  239   401   254
  240   346   330
  241     5   403
  242   473   361
  243    26    91
  244   488   253
  245   271    92
  246   194   284
  247   364   347
  248   211   351
  249   477    62
  250   445   150
  251   216   364
  252   225   328
  253   292   146
  254    78   171
  255   112   321
  256    97   242
  257   379   466
  258   216   498
  259   318    41
  260   488     2
  261   373   137
  262    82   215
  263     7   484
  264   373   448
  265   128   389
  266   218   119
  267   445    32
  268   214   141
  269   339   206
  270   221   297
  271   301   333
  272   284   445
  273    24   433
  274    76   476
  275   341   147
  276    67   308
  277   370   168
  278   196   136
  279   235   426
  280   286    38
  281   207   166
  282   283    88
  283   311   441
  284   339   104
  285   418   278
  286   348    18
  287   412    41
  288    60    18
  289   183   170
  290   210   276
  291   258   344
  292   279    33
  293   357    78
  294   285   419
  295   301    24
  296   446   140
  297   402   496
  298   426   260
  299   357     7
  300   247   381
  301    99   198
  302   471   108
  303   308   135
  304    13   363
  305   491   173
  306   373   301
  307   442   485
  308   404   159
  309    44    45
  310   179   277
  311   168   323
  312   461   384
  313   198   132
  314   461    55
  315   132   463
  316   131   260
  317    49   346
  318   334   375
  319   261   196
  320   211   490
  321    22   484
  322   425   424
  323   437   401
  324   244     8
  325   362   399
  326   260   269
  327   249   351
  328   211    24
  329   401   215
  330   495    34
  331   123    17
  332    23   469
  333   448   330
  334    38   482
  335   304    59
  336   369   177
  337   303    48
  338   310   240
  339   426   450
  340   409   185
  341    31   471
  342   356   264
  343   239   195
  344    27   318
  345    44   226
  346    77   216
  347   159   329
  348   439   355
  349    32   267
  350   250   101
  351   449   486
  352   233    62
  353   221   158
  354   461   386
  355   326   102
  356     8   118
  357   423   313
  358   477   333
  359   139    72
  360   446   120
  361   431   171
  362   394    26
  363    11   354
  364   434   492
  365   177    31
  366   190   469
  367    43   238
  368   149   214
  369    74   229
  370   301   168
  371   472   337
  372   409   103
  373   306    85
  374   189    20
  375   116    22
  376   308     3
  377   211   492
  378   410   131
  379   476   305
  380   274    50
  381   379    56
  382   331    69
  383   322   174
  384    54   237
  385   333   449
  386   246   105
  387   392   229
  388   276    68
  389   200   431
  390   371   246
  391   132   244
  392   105   351
  393    18   180
  394   237    72
  395   121   306
  396   381   203
  397   358   201
  398   287   497
  399   172    48
  400   307   147
  401   406   230
  402   188    15
  403   115   167
  404    16   317
  405    93   240
  406    52   186
  407   451   315
  408   149   340
  409   173    68
  410   228   180
  411   463   400
  412   163   297
  413   110   126
  414   173   134
  415   162   237
  416   278   204
  417   409    92
  418   232   130
  419   341   214
  420     2   349
  421   149    67
  422    34   136
  423   258   107
  424   187   165
  425   465   138
  426   178    59
  427   154   208
  428   414   257
  429   499   260
  430   174   231
  431   214   348
  432   101    55
  433    82   399
  434   369   250
  435   417   148
  436   354   378
  437   224   243
  438   183    77
  439   492   243
  440     4   128
  441    80   127
  442   395    86
  443   297   233
  444   328   279
  445    17    65
  446   360   453
  447   436     2
  448   273   486
  449   281    52
  450    68   496
  451   496   406
  452   120   259
  453   278    34
  454    35     9
  455    98   364
  456   260   124
  457    60   340
  458   335   176
  459   256   413
  460   307    91
  461   188   267
  462   422   131
  463   111   307
  464   398   304
  465    50   186
  466   207   439
  467   465   356
  468   164   379
  469   167   372
  470    96   295
  471   408    90
  472   162    32
  473    23   292
  474   475    49
  475   308   141
  476   305    33
  477   408   300
  478    84   150
  479   452   194
  480   427   472
  481   221   273
  482   256   260
  483   453   249
  484   497   351
  485   327   343
  486   132   135
  487   109   388
  488   148   486
  489   371   371
  490   370   106
  491   165   500
  492   158   157
  493   297   402
  494   478   205
  495   287    36
  496   109   284
  497   114   145
  498    78   490
  499   131   422
  500   484   344
20239
