100
    1     6     5
    2    42    46
    3    36    46
    4    32    27
    5    17     8
    6    41    15
    7    19    31
    8    15    45
    9    12    43
   10    42    22
   11    41    45
   12     9    29
   13    41    46
   14    50     6
   15    41    28
   16    44    28
   17    24    45
   18    34    38
   19    32    11
   20    39    40
   21    39    27
   22    35    11
   23    42     6
   24     8    14
   25    35     6
   26     2    36
   27    40    28
   28     5    45
   29    36     5
   30    20    37
   31    35    33
   32    28     7
   33     4     7
   34    45    39
   35     7    50
   36    11    37
   37    15    12
   38     1    30
   39    10     6
   40     5     6
   41    28     1
   42    29    27
   43    21    40
   44    39    23
   45    20    39
   46    11     8
   47    16     9
   48     6    29
   49    28    19
   50     1     2
   51    23     6
   52    34    12
   53    41    43
   54    43    24
   55     6    20
   56    30    25
   57    18    39
   58    46    42
   59    44    44
   60     7     8
   61    24    42
   62    20    28
   63    23    49
   64    37    36
   65    22     1
   66     5    22
   67    17    14
   68    23    50
   69    14    10
   70     1    33
   71    39    45
   72    13     9
   73    15    48
   74    13    11
   75    12     3
   76    38    12
   77    28    26
   78     9    41
   79     4    32
   80    37    32
   81    29     3
   82    10    45
   83    19    30
   84    42    41
   85    35    33
   86    18    35
   87    40    19
   88     9    16
   89    22    30
   90    36    11
   91    50    32
   92     5    48
   93    17    48
   94    32    21
   95    16    20
   96    10    33
   97     9     5
   98    34     2
   99    40    44
  100     6    44
2175
