100
    1   197   155
    2   397   396
    3   379   346
    4   402   427
    5     1     8
    6   191   165
    7   475   481
    8   136    95
    9   354   393
   10   361   322
   11   543   495
   12   221   179
   13    82    96
   14   230   256
   15   254   228
   16    59    28
   17   103   145
   18   157   188
   19   456   461
   20   437   390
   21   311   277
   22     1    11
   23   199   156
   24     1    14
   25   477   456
   26    91   136
   27   465   478
   28   247   295
   29   321   305
   30    99    87
   31    61    33
   32     5     7
   33   241   207
   34   287   289
   35   322   300
   36   278   237
   37   190   212
   38   322   280
   39   121   156
   40   116   106
   41   144   151
   42   227   277
   43   232   190
   44   319   273
   45   274   239
   46    19    58
   47    62   109
   48    64    29
   49   120   119
   50   263   252
   51   162   206
   52   407   412
   53   537   493
   54   171   124
   55     2    20
   56    75    75
   57   455   489
   58   202   242
   59   113   144
   60   503   458
   61   494   492
   62   319   278
   63   403   399
   64   442   486
   65    99    51
   66   424   472
   67   130   164
   68   344   350
   69   327   360
   70   378   333
   71   348   345
   72   427   409
   73   140    98
   74    42    11
   75   397   403
   76   452   412
   77    36    26
   78   128    91
   79    68    32
   80   331   282
   81   272   253
   82   210   245
   83   395   430
   84   476   441
   85    11    33
   86   170   185
   87   338   319
   88   340   316
   89   203   230
   90   117   111
   91   368   332
   92    98    48
   93   346   348
   94   470   471
   95   126   120
   96   262   233
   97   390   405
   98   450   452
   99   325   344
  100   131   144
20508
