100
    1   665   655
    2   266   256
    3   906   896
    4   902   892
    5   356   346
    6   396   386
    7   937   927
    8   292   282
    9   518   508
   10    77    67
   11   175   165
   12   601   591
   13   991   981
   14    29    19
   15   105    95
   16   675   665
   17   903   893
   18   122   112
   19   832   822
   20   202   192
   21  1005   995
   22   251   241
   23   689   679
   24    19     9
   25   606   596
   26   151   141
   27   266   256
   28  1010  1000
   29   238   228
   30   851   841
   31   538   528
   32   404   394
   33   655   645
   34    34    24
   35   198   188
   36   994   984
   37   971   961
   38   742   732
   39   900   890
   40   849   839
   41   287   277
   42   149   139
   43    21    11
   44   495   485
   45   166   156
   46   152   142
   47   524   514
   48   568   558
   49   966   956
   50   845   835
   51   646   636
   52   662   652
   53   988   978
   54   300   290
   55   805   795
   56   415   405
   57   815   805
   58   646   636
   59   597   587
   60   480   470
   61    43    33
   62   945   935
   63    17     7
   64   688   678
   65   717   707
   66   464   454
   67   299   289
   68   855   845
   69   310   300
   70   967   957
   71   247   237
   72   821   811
   73   222   212
   74   925   915
   75   290   280
   76   711   701
   77   166   156
   78   170   160
   79   116   106
   80   715   705
   81   161   151
   82    88    78
   83   287   277
   84   389   379
   85   200   190
   86   381   371
   87   283   273
   88    99    89
   89   249   239
   90   830   820
   91   568   558
   92   971   961
   93   619   609
   94   576   566
   95    39    29
   96   116   106
   97   129   119
   98   688   678
   99   262   252
  100   161   151
39693
