100
    1    45    18
    2    17    19
    3    27     5
    4    21    26
    5    22    15
    6    24    14
    7    22    28
    8    42    18
    9     7    10
   10    13    21
   11    14    10
   12    14     8
   13    20     3
   14    11    21
   15     4    17
   16    47    41
   17    27    22
   18    11     7
   19     9    24
   20     4    49
   21    46    14
   22    22    28
   23    37    47
   24    31     7
   25    46    19
   26     7     7
   27    33     1
   28    26    26
   29    11    10
   30     3    46
   31    48    30
   32    21    42
   33    39    46
   34     6     8
   35    44     3
   36    32    26
   37    50     5
   38    46    47
   39     5    29
   40    26    47
   41    19     2
   42    50    20
   43    14    15
   44    42    12
   45    45    32
   46    36     3
   47     5    40
   48    45    22
   49    45    50
   50    40    23
   51     6    37
   52    49    23
   53     8    16
   54    48    49
   55    19    37
   56    25    48
   57    27    30
   58    27    15
   59    33    21
   60    32    13
   61    25     5
   62    31    31
   63    32    34
   64    24     9
   65    27    42
   66    50    45
   67    46    11
   68     2    29
   69    23    37
   70     8    40
   71    36    10
   72    44    40
   73    20     5
   74    28     6
   75    29     8
   76    15    27
   77    17    33
   78    14    18
   79    27    25
   80    24    33
   81    14    42
   82     9    24
   83    10    33
   84     9    12
   85    12     6
   86    35    46
   87    41    50
   88    32    15
   89    29     9
   90    45    38
   91     5    21
   92    26    15
   93     8    49
   94    45    14
   95    47    13
   96    13    48
   97    14    28
   98    47    49
   99    31    43
  100    49    17
1216
